1	0.526	1.949	2.984	0.374	2.736	0.000	0.000	7.213	1.716	8.297
2	0.523	1.223	1.995	1.013	0.741	0.791	0.000	2.651	0.253	4.385
3	0.523	1.135	1.833	1.036	0.403	0.449	0.000	2.282	0.125	3.891
4	0.600	1.130	1.841	1.058	0.384	0.450	0.000	1.886	0.129	3.504
5	0.628	1.114	1.822	1.025	0.402	0.405	0.000	1.976	0.101	3.561
6	0.601	1.137	1.943	1.154	0.392	0.458	0.000	2.469	0.141	4.201
7	0.613	1.092	1.810	1.112	0.343	0.481	0.000	1.874	0.109	3.543
8	0.551	1.170	1.880	1.297	0.335	0.407	0.000	1.717	0.140	3.562
9	0.618	1.100	1.853	1.027	0.353	0.434	0.000	1.933	0.110	3.473
10	0.603	1.173	1.955	1.312	0.379	0.539	0.000	1.969	0.128	3.779
11	0.766	1.154	1.943	1.239	0.363	0.463	0.000	1.884	0.163	3.645
12	0.581	1.299	2.071	1.328	0.387	0.457	0.000	2.439	0.130	4.334
13	0.638	1.238	1.988	1.365	0.364	0.506	0.000	1.969	0.127	3.918
14	0.627	1.241	1.999	1.362	0.374	0.445	0.000	1.813	0.127	3.742
15	0.597	1.284	2.016	1.417	0.357	0.514	0.000	1.992	0.118	3.985
16	0.538	1.286	2.061	1.533	0.377	0.530	0.000	2.004	0.133	4.102
17	0.579	1.296	2.154	1.564	0.368	0.455	0.000	2.028	0.144	4.147
18	0.572	1.327	2.072	1.586	0.371	0.574	0.000	2.006	0.140	4.158
19	0.551	1.308	2.178	1.455	0.404	0.577	0.000	2.113	0.123	4.140
20	0.653	1.269	2.152	1.680	0.367	0.721	0.000	2.063	0.109	4.358
21	0.705	1.334	2.184	1.770	0.354	0.684	0.000	2.626	0.118	4.918
22	0.565	1.310	2.104	1.566	0.396	0.558	0.000	1.979	0.124	4.032
23	0.605	1.374	2.160	1.860	0.363	0.636	0.000	1.851	0.106	4.242
24	0.615	1.314	2.116	1.641	0.332	0.643	0.000	2.058	0.136	4.193
25	0.607	1.327	2.086	1.700	0.330	0.683	0.000	1.939	0.122	4.122
26	0.609	1.434	2.292	1.893	0.330	0.711	0.000	2.089	0.107	4.461
27	0.623	1.438	2.261	1.854	0.399	0.656	0.000	2.084	0.122	4.412
28	0.673	1.414	2.195	1.777	0.385	0.692	0.000	2.017	0.113	4.382
29	0.596	1.399	2.228	1.948	0.322	0.844	0.000	2.132	0.116	4.597
30	0.617	1.427	2.286	1.971	0.341	0.717	0.000	2.146	0.131	4.665
31	0.597	1.453	2.279	1.878	0.379	0.701	0.000	2.146	0.103	4.592
32	0.611	1.432	2.186	1.715	0.364	0.716	0.000	2.118	0.148	4.384
33	0.619	1.563	2.385	2.119	0.402	0.784	0.000	2.177	0.125	4.767
34	0.658	1.483	2.371	2.146	0.375	0.739	0.000	2.189	0.109	4.908
35	0.642	1.437	2.314	1.818	0.342	0.677	0.000	2.126	0.132	4.519
36	0.675	1.491	2.408	2.066	0.396	0.684	0.000	2.309	0.127	4.933
37	0.632	1.590	2.474	2.207	0.401	0.776	0.000	2.270	0.136	5.075
38	0.623	1.442	2.299	2.016	0.366	0.780	0.000	2.162	0.106	4.704
39	0.668	1.511	2.330	1.975	0.338	0.905	0.000	2.051	0.107	4.519
40	0.684	1.598	2.505	2.313	0.425	0.765	0.000	2.331	0.122	5.211
41	0.778	1.554	2.426	2.015	0.379	0.652	0.000	2.234	0.155	4.751
42	0.730	1.619	2.504	2.365	0.375	0.669	0.000	2.318	0.117	5.177
43	0.741	1.583	2.530	2.246	0.409	0.617	0.000	2.305	0.137	5.025
44	0.715	1.682	2.601	2.394	0.360	0.861	0.000	2.342	0.122	5.252
45	0.778	1.602	2.552	2.485	0.393	0.846	0.000	2.376	0.117	5.364
46	0.693	1.709	2.669	2.582	0.390	0.749	0.000	2.484	0.139	5.781
47	0.842	1.637	2.613	2.512	0.369	0.795	0.000	2.326	0.085	5.451
48	0.738	1.734	2.630	2.764	0.353	0.911	0.000	2.101	0.106	5.369
49	0.727	1.722	2.678	2.698	0.359	0.832	0.000	2.463	0.131	5.682
50	0.727	1.507	2.497	2.175	0.413	0.866	0.000	2.300	0.111	4.947
51	0.737	1.729	2.692	2.731	0.393	0.877	0.000	2.392	0.131	5.613
52	0.734	1.877	2.883	3.010	0.411	0.799	0.000	2.464	0.123	6.060
53	0.768	1.718	2.696	2.429	0.409	0.790	0.000	2.600	0.147	5.582
54	0.744	1.842	2.900	3.093	0.352	0.964	0.000	2.383	0.121	6.007
55	0.753	1.794	2.735	2.989	0.351	0.866	0.000	2.347	0.136	5.869
56	0.735	1.889	2.820	3.192	0.394	0.901	0.000	2.475	0.112	6.174
57	0.732	1.821	2.824	3.209	0.367	0.932	0.000	2.404	0.108	6.148
58	0.790	1.856	2.914	3.120	0.377	0.862	0.000	2.450	0.120	6.058
59	0.791	1.960	3.017	3.305	0.440	0.809	0.000	2.747	0.137	6.604
60	0.815	1.898	2.939	3.055	0.424	0.876	0.000	2.601	0.136	6.215
61	0.747	1.752	2.768	2.766	0.374	0.964	0.000	2.511	0.122	5.834
62	0.797	1.996	3.074	3.391	0.420	0.828	0.000	2.617	0.133	6.595
63	0.763	1.879	2.877	3.066	0.389	0.881	0.000	2.545	0.131	6.097
64	0.803	2.009	3.042	3.517	0.389	0.872	0.000	2.598	0.126	6.695
65	0.815	1.860	2.882	2.915	0.379	0.998	0.000	2.589	0.138	6.061
66	0.865	1.881	3.013	3.356	0.372	0.942	0.000	2.519	0.142	6.533
67	0.806	2.059	3.061	3.708	0.366	1.098	0.000	2.570	0.112	6.982
68	0.818	1.997	3.059	3.545	0.397	0.954	0.000	2.531	0.121	6.595
69	0.810	1.952	2.966	3.541	0.357	1.050	0.000	2.476	0.116	6.550
70	0.802	2.126	3.173	3.946	0.456	1.052	0.000	2.623	0.106	7.045
71	0.867	1.993	3.097	3.408	0.356	1.096	0.000	2.557	0.111	6.437
72	0.863	2.125	3.259	3.737	0.404	0.890	0.000	2.811	0.137	7.066
73	0.861	2.073	3.213	3.612	0.382	1.036	0.000	2.686	0.120	6.840
74	0.834	2.229	3.269	4.010	0.367	1.117	0.000	2.783	0.110	7.341
75	0.848	2.009	3.065	3.504	0.335	1.134	0.000	2.543	0.125	6.533
76	1.137	2.144	3.213	3.879	0.411	0.999	0.000	2.700	0.134	7.052
77	0.920	2.099	3.184	3.950	0.375	1.068	0.000	2.727	0.107	7.221
78	1.053	2.124	3.410	4.268	0.372	1.129	0.000	2.708	0.089	7.558
79	0.971	2.292	3.542	4.625	0.400	1.027	0.000	2.897	0.133	8.040
80	0.881	2.272	3.366	4.073	0.426	1.051	0.000	2.923	0.124	7.472
81	0.899	2.278	3.572	4.470	0.379	1.029	0.000	2.871	0.113	7.875
82	0.872	2.144	3.202	3.937	0.365	1.118	0.000	2.732	0.095	7.211
83	0.898	2.188	3.331	4.147	0.431	0.927	0.000	2.866	0.134	7.578
84	0.912	2.261	3.465	4.363	0.541	0.540	0.000	2.863	0.187	7.847
85	0.892	2.296	3.619	4.315	0.476	0.570	0.000	3.195	0.175	7.981
86	0.683	1.563	2.408	0.049	0.000	0.000	0.000	21.373	0.007	21.921
87	0.731	1.532	2.411	0.050	0.000	0.000	0.000	22.370	0.000	22.594
88	0.693	1.558	2.413	0.048	0.000	0.000	0.000	21.412	0.010	21.952
89	0.720	1.562	2.412	0.047	0.000	0.000	0.000	21.977	0.011	22.530
90	0.746	1.549	2.450	0.046	0.000	0.001	0.000	21.875	0.007	22.398
91	0.851	1.542	2.457	0.047	0.000	0.000	0.000	22.103	0.010	22.643
92	0.797	1.535	2.431	0.049	0.000	0.000	0.000	22.289	0.008	22.806
93	0.824	1.571	2.475	0.049	0.000	0.001	0.000	22.086	0.002	22.641
94	1.010	2.568	3.923	4.736	0.823	0.925	0.000	4.055	0.296	9.285
95	0.953	2.420	3.790	4.500	0.542	0.742	0.000	3.336	0.168	8.360
96	0.984	2.566	3.933	4.957	0.550	0.729	0.000	3.326	0.186	8.762
97	1.021	2.326	3.550	4.439	0.520	0.706	0.000	3.194	0.177	8.623
98	0.972	2.377	3.692	4.524	0.542	0.799	0.000	3.301	0.195	8.339
99	0.963	2.581	3.830	4.928	0.485	0.837	0.000	3.315	0.165	8.823
100	0.988	2.430	3.686	4.691	0.518	0.891	0.000	3.149	0.176	8.441
101	0.952	2.499	3.794	5.060	0.499	0.888	0.000	3.241	0.170	8.808
102	1.025	2.581	3.881	5.230	0.464	0.923	0.000	3.249	0.139	9.064
103	0.992	2.577	3.778	5.020	0.459	0.933	0.000	3.247	0.193	8.860
104	0.986	2.583	4.048	5.422	0.531	0.923	0.000	3.387	0.163	9.421
105	0.979	2.531	4.034	5.673	0.487	0.999	0.000	3.283	0.162	9.533
106	1.001	2.654	4.170	5.593	0.497	0.917	0.000	3.391	0.183	9.576
107	1.053	2.416	3.744	4.788	0.443	0.920	0.000	3.235	0.152	8.644
108	0.977	2.536	4.004	5.461	0.464	1.018	0.000	3.200	0.132	9.238
109	1.089	2.571	3.998	5.624	0.502	1.045	0.000	3.457	0.179	9.765
110	1.056	2.660	4.209	5.926	0.493	0.949	0.000	3.372	0.152	9.889
111	1.015	2.613	4.035	5.468	0.505	1.005	0.000	3.375	0.160	9.424
112	1.100	2.628	4.069	5.468	0.508	0.965	0.000	3.294	0.132	11.949
113	1.058	2.717	4.218	5.781	0.511	1.037	0.000	3.411	0.148	9.790
114	1.052	2.733	3.973	6.055	0.531	1.072	0.000	3.450	0.140	10.121
115	1.017	2.640	4.293	6.092	0.503	0.995	0.000	3.390	0.161	10.408
116	1.151	2.683	4.103	5.722	0.470	1.202	0.000	3.237	0.134	10.295
117	1.062	2.614	4.065	5.993	0.481	1.237	0.000	3.413	0.095	9.956
118	1.106	2.844	4.378	6.310	0.466	1.342	0.000	3.411	0.124	10.289
119	1.161	2.730	4.160	6.124	0.434	1.249	0.000	3.338	0.120	9.992
120	1.075	2.719	4.280	6.661	0.420	1.106	0.000	3.232	0.127	10.464
121	1.174	2.732	4.162	6.237	0.450	1.223	0.000	3.213	0.121	10.018
122	1.073	2.680	4.038	5.409	0.489	1.232	0.000	3.378	0.156	9.333
123	1.356	2.726	4.021	5.912	0.471	1.244	0.000	3.601	0.165	10.313
124	1.334	2.782	4.267	6.619	0.486	1.163	0.000	3.454	0.155	10.661
125	1.197	2.855	4.442	6.484	0.471	1.136	0.000	3.801	0.172	10.843
126	1.227	2.831	4.536	6.814	0.464	1.260	0.000	3.479	0.148	10.809
127	1.174	2.935	4.644	7.489	0.465	1.320	0.000	3.452	0.136	11.521
128	1.326	2.807	4.393	6.740	0.443	1.265	0.000	3.418	0.131	10.744
129	1.228	2.898	4.476	6.777	0.472	1.204	0.000	3.499	0.138	10.728
130	1.162	2.897	4.597	7.134	0.432	1.288	0.000	3.508	0.113	11.217
131	1.141	2.839	4.203	6.290	0.449	1.225	0.000	3.540	0.144	10.382
132	1.281	2.858	4.676	7.004	0.462	1.337	0.000	3.666	0.153	11.182
133	1.237	3.030	4.806	8.073	0.446	1.217	0.000	3.549	0.117	12.194
134	1.155	3.059	4.479	7.340	0.460	1.315	0.000	3.561	0.124	11.698
135	1.357	2.881	4.642	7.174	0.453	1.350	0.000	3.704	0.127	11.494
136	1.179	2.913	4.341	7.525	0.462	1.326	0.000	3.528	0.142	11.827
137	1.161	2.930	4.601	7.345	0.503	1.133	0.000	3.664	0.144	11.468
138	1.324	3.018	4.764	7.534	0.426	1.398	0.000	3.694	0.142	11.778
139	1.248	2.937	4.685	7.494	0.416	1.353	0.000	3.586	0.124	11.860
140	1.192	3.081	4.680	7.753	0.425	1.456	0.000	3.411	0.105	11.675
141	1.213	2.973	4.618	7.238	0.453	1.342	0.000	3.520	0.123	11.326
142	1.227	3.030	4.806	7.919	0.463	1.367	0.000	3.723	0.115	12.144
143	1.325	3.189	4.619	7.733	0.463	1.515	0.000	3.530	0.115	11.815
144	1.281	3.104	5.037	7.930	0.431	1.457	0.000	3.676	0.133	12.197
145	1.208	3.104	4.814	7.908	0.415	1.457	0.000	3.703	0.128	12.121
146	1.182	3.083	4.821	7.622	0.441	1.543	0.000	3.914	0.118	12.058
147	1.237	3.105	4.907	7.943	0.481	1.452	0.000	3.629	0.132	12.060
148	1.393	3.192	5.118	8.849	0.442	1.421	0.000	3.697	0.125	13.081
149	1.259	3.203	5.082	8.455	0.425	1.385	0.000	3.632	0.127	12.623
150	1.299	3.087	4.976	7.868	0.451	1.411	0.000	3.749	0.124	12.144
151	1.212	3.125	4.868	8.423	0.443	1.358	0.000	3.631	0.141	12.649
152	1.255	3.184	5.129	8.510	0.501	1.396	0.000	3.721	0.129	12.695
153	1.294	3.200	4.811	8.289	0.424	1.443	0.000	3.626	0.114	12.484
154	1.263	3.285	5.203	9.399	0.488	1.453	0.000	3.831	0.160	13.847
155	1.202	3.183	4.954	8.685	0.428	1.411	0.000	3.793	0.123	13.016
156	1.391	3.124	4.766	8.337	0.463	1.408	0.000	3.881	0.118	12.756
157	1.271	3.182	5.137	8.613	0.494	1.461	0.000	3.848	0.135	12.944
158	1.282	3.339	5.135	9.238	0.445	1.538	0.000	3.859	0.127	13.661
159	1.279	3.278	4.990	8.551	0.468	1.535	0.000	3.826	0.120	12.825
160	1.284	3.162	5.037	8.497	0.499	1.397	0.000	3.851	0.140	12.890
161	1.329	3.277	4.969	8.931	0.448	1.502	0.000	3.792	0.124	13.294
162	1.322	3.316	5.048	9.125	0.487	1.465	0.000	3.895	0.129	13.527
163	1.325	3.332	5.217	9.336	0.478	1.467	0.000	3.686	0.116	13.573
164	1.359	3.353	5.440	9.785	0.483	1.472	0.000	3.961	0.143	14.289
165	1.329	3.279	4.995	8.674	0.480	1.463	0.000	4.062	0.121	13.277
166	1.433	3.446	5.494	9.433	0.512	1.602	0.000	3.954	0.123	13.882
167	1.373	3.403	5.462	9.758	0.491	1.589	0.000	3.955	0.130	14.541
168	1.328	3.400	5.248	9.087	0.476	1.590	0.000	4.058	0.107	13.616
169	1.366	3.460	5.514	10.188	0.474	1.516	0.000	3.931	0.138	14.750
170	1.322	3.471	5.231	9.508	0.520	1.514	0.000	4.020	0.133	14.175
171	1.360	3.523	5.388	9.787	0.437	1.537	0.000	3.894	0.118	14.258
172	1.343	3.274	5.383	9.468	0.500	1.476	0.000	3.985	0.130	14.199
173	1.376	3.548	5.474	9.864	0.501	1.528	0.000	4.093	0.144	14.443
174	1.369	3.509	5.582	10.351	0.434	1.537	0.000	3.974	0.112	14.933
175	1.437	3.556	5.641	10.445	0.510	1.539	0.000	4.004	0.137	15.116
176	1.473	3.509	5.590	10.090	0.495	1.674	0.000	3.936	0.129	14.553
177	1.399	3.398	5.344	9.688	0.437	1.647	0.000	3.944	0.127	14.166
178	1.429	3.598	5.480	10.506	0.470	1.504	0.000	4.203	0.138	15.439
179	1.394	3.535	5.494	9.930	0.441	1.699	0.000	4.090	0.112	14.543
180	1.396	3.552	5.702	10.336	0.443	1.534	0.000	4.176	0.120	15.138
