1	674.93	440.79	3515.83	480.81	-nan	-nan	inf	inf	45931.75	182.36	766.58	158.54
2	1081.48	662.81	1304.66	326.25	0.00	-nan	inf	8416.69	755.07	498.85	5223.75	301.53
3	1170.82	724.82	1282.22	324.07	0.00	-nan	inf	5565.89	821.94	582.36	10603.32	341.49
4	1181.76	725.25	1262.60	346.71	0.00	-nan	inf	6328.75	857.37	708.04	10323.93	381.08
5	1204.79	736.37	1309.81	330.47	0.00	-nan	inf	6838.67	848.39	679.31	13238.10	376.83
6	1186.23	694.03	1168.18	328.95	0.00	-nan	inf	4978.24	763.96	546.15	9580.80	321.00
7	1241.44	748.63	1218.24	369.95	0.00	-nan	inf	6061.98	809.23	723.07	12431.53	382.43
8	1164.15	724.34	1049.80	389.96	0.00	-nan	inf	4799.87	778.63	792.96	9712.13	382.30
9	1243.53	738.44	1332.95	372.11	0.00	-nan	inf	6105.04	795.97	707.91	12463.48	393.99
10	1172.45	703.19	1048.11	337.98	0.00	-nan	inf	5309.56	738.58	698.29	10737.42	363.78
11	1197.04	710.86	1115.36	368.54	0.00	-nan	inf	4952.32	753.72	733.38	8449.84	379.05
12	1068.93	670.37	1045.09	344.46	0.00	-nan	inf	4886.37	742.87	569.03	10704.22	320.23
13	1126.10	701.56	1021.74	359.53	0.00	-nan	inf	5543.93	761.53	708.23	10994.33	355.92
14	1128.88	700.95	1028.87	359.66	0.00	-nan	inf	4902.24	752.04	772.65	11002.51	374.42
15	1096.81	698.28	993.16	372.56	0.00	-nan	inf	5035.14	741.67	706.63	11884.86	353.23
16	1099.69	686.12	922.73	350.56	0.00	-nan	inf	4568.33	708.73	705.62	10672.61	344.80
17	1096.58	659.78	908.40	372.40	0.00	-nan	inf	4391.15	716.76	700.83	9848.47	342.67
18	1075.36	688.90	900.14	357.08	0.00	-nan	inf	4090.45	699.24	711.46	10186.89	343.29
19	1096.65	658.44	985.50	322.21	0.00	-nan	inf	5028.64	723.19	678.74	11628.84	346.38
20	1134.96	669.50	857.70	337.94	0.00	-nan	inf	4249.68	682.83	698.34	13188.64	330.62
21	1085.20	662.56	817.70	351.56	0.00	-nan	inf	3990.14	679.02	551.03	12219.94	294.26
22	1109.50	690.96	928.37	318.67	0.00	-nan	inf	4749.83	716.28	734.74	11736.44	360.55
23	1062.71	676.18	785.09	341.76	0.00	-nan	inf	3773.52	691.03	788.84	13812.90	344.29
24	1116.44	693.24	893.88	371.91	0.00	-nan	inf	4464.95	706.67	712.94	10794.41	349.91
25	1110.30	706.29	866.84	364.97	0.00	-nan	inf	4241.67	721.00	760.15	12031.53	357.50
26	1032.20	645.75	781.75	332.08	0.00	-nan	inf	3737.99	678.48	708.40	13789.84	331.82
27	1034.24	657.60	801.92	318.83	0.00	-nan	inf	4221.96	687.20	713.52	12213.43	336.95
28	1056.39	680.36	840.20	341.40	0.00	-nan	inf	4269.00	709.07	740.47	13216.54	340.78
29	1071.97	673.15	769.82	356.35	0.00	-nan	inf	3895.66	689.48	703.62	12915.97	326.29
30	1056.03	659.10	764.20	370.53	0.00	-nan	inf	3822.87	666.94	701.86	11509.65	322.92
31	1041.33	664.02	805.77	337.52	0.00	-nan	inf	4131.69	671.88	705.15	14642.01	329.49
32	1061.38	695.08	886.08	363.82	0.00	-nan	inf	4345.07	698.18	717.34	10257.51	346.67
33	976.60	639.90	720.13	317.47	0.00	-nan	inf	3527.91	643.48	700.92	12178.80	320.16
34	1033.68	646.37	714.16	321.50	0.00	-nan	inf	3481.71	654.06	700.17	14027.83	312.32
35	1071.08	665.31	846.54	389.75	0.00	-nan	inf	4128.90	679.66	724.22	11671.66	340.68
36	1036.56	641.91	748.19	330.65	0.00	-nan	inf	3965.32	649.65	669.50	12137.36	313.37
37	976.68	627.52	703.35	325.69	0.00	-nan	inf	3768.30	633.10	684.01	11375.92	305.91
38	1080.98	678.20	773.34	340.86	0.00	-nan	inf	4108.15	684.91	721.19	14735.71	331.47
39	1036.35	672.03	792.84	358.41	0.00	-nan	inf	4074.68	691.58	763.39	14687.83	346.51
40	984.06	627.65	679.63	314.91	0.00	-nan	inf	3262.84	620.60	674.54	12905.59	301.72
41	1016.02	650.94	783.45	366.97	0.00	-nan	inf	3856.25	668.06	706.85	10203.42	332.35
42	979.36	633.21	670.46	353.46	0.00	-nan	inf	3281.40	636.61	683.86	13534.02	306.22
43	1005.66	629.28	708.76	333.32	0.00	-nan	inf	3849.89	647.08	690.58	11601.13	316.81
44	950.41	614.54	667.62	352.59	0.00	-nan	inf	3387.68	640.04	682.44	13116.45	304.40
45	1002.05	628.89	645.86	335.23	0.00	-nan	inf	3272.34	622.46	675.64	13727.31	299.25
46	942.98	603.99	624.17	330.51	0.00	-nan	inf	3159.37	618.65	648.81	11590.21	278.82
47	988.63	619.31	644.20	339.23	0.00	-nan	inf	3111.77	623.86	695.71	19051.28	296.88
48	937.24	617.72	587.98	325.27	0.00	-nan	inf	2951.49	633.91	773.50	15314.05	302.65
49	947.55	609.12	604.69	332.72	0.00	-nan	inf	3084.64	615.98	662.51	12434.69	287.12
50	1087.04	655.95	753.08	307.76	0.00	-nan	inf	3749.83	683.87	712.09	14790.62	331.14
51	951.08	610.98	602.27	337.96	0.00	-nan	inf	3018.08	614.50	687.66	12549.47	292.99
52	879.69	572.73	548.56	329.47	0.00	-nan	inf	2894.12	571.12	670.03	13457.65	272.49
53	965.12	614.99	682.46	325.78	0.00	-nan	inf	3502.95	633.94	637.68	11299.54	297.02
54	903.52	573.99	538.06	344.14	0.00	-nan	inf	2738.87	585.87	698.31	13799.81	277.06
55	931.32	610.86	558.99	366.58	0.00	-nan	inf	2791.95	601.28	712.07	12285.51	284.73
56	888.24	594.98	525.63	319.96	0.00	-nan	inf	2845.70	608.80	677.92	15003.12	271.73
57	924.92	596.33	524.79	329.02	0.00	-nan	inf	2678.63	592.02	700.66	15650.41	273.95
58	911.11	580.12	541.83	323.78	0.00	-nan	inf	2718.15	620.21	690.20	14060.92	279.10
59	866.13	562.54	513.60	321.26	0.00	-nan	inf	2871.87	552.57	617.94	12368.97	257.02
60	897.55	579.73	557.79	314.07	0.00	-nan	inf	2903.75	600.96	654.99	12532.38	274.14
61	976.13	617.90	618.41	335.86	0.00	-nan	inf	3069.16	640.09	681.19	14074.84	293.18
62	860.03	558.50	506.30	333.66	0.00	-nan	inf	2578.31	552.77	656.01	12863.56	260.34
63	917.48	599.01	562.25	333.15	0.00	-nan	inf	2718.20	598.29	677.23	13129.27	282.69
64	861.22	568.74	491.95	335.06	0.00	-nan	inf	2529.45	573.87	666.01	13777.71	258.43
65	933.84	602.67	595.84	349.08	0.00	-nan	inf	2949.43	620.55	670.75	12617.71	286.53
66	927.06	578.56	519.51	333.94	0.00	-nan	inf	2499.78	585.87	692.15	12279.60	266.86
67	849.80	571.74	471.99	331.89	0.00	-nan	inf	2434.62	576.22	680.83	15666.86	250.63
68	879.58	574.19	495.45	343.32	0.00	-nan	inf	2460.42	567.84	694.01	14464.72	266.34
69	903.06	594.43	497.85	360.52	0.00	-nan	inf	2519.06	589.66	711.96	15197.35	269.18
70	832.53	557.77	448.51	287.16	0.00	-nan	inf	2351.44	547.88	674.80	16664.98	251.19
71	891.05	573.62	521.22	344.50	0.00	-nan	inf	2606.71	602.61	694.59	15959.73	275.94
72	838.84	547.00	477.10	318.28	0.00	-nan	inf	2360.56	537.61	634.33	12990.57	252.32
73	863.34	556.99	495.38	337.81	0.00	-nan	inf	2547.11	594.52	666.15	14884.82	261.63
74	805.89	549.41	447.89	328.73	0.00	-nan	inf	2357.84	555.08	645.34	16288.53	244.66
75	897.28	588.08	514.39	366.69	0.00	-nan	inf	2568.15	637.91	708.82	14452.27	275.93
76	843.82	563.16	466.42	320.80	0.00	-nan	inf	2446.22	580.40	670.07	13538.55	256.55
77	865.26	570.34	459.68	323.16	0.00	-nan	inf	2181.77	561.00	665.90	16956.49	251.45
78	858.09	534.48	426.96	329.90	0.00	-nan	inf	2162.73	550.82	672.86	20403.68	241.12
79	798.04	516.34	395.41	330.87	0.00	-nan	inf	1855.48	497.78	631.40	13750.45	227.48
80	807.90	545.33	450.69	320.83	0.00	-nan	inf	2452.85	549.38	627.85	14771.11	245.65
81	808.76	515.68	412.14	330.69	0.00	-nan	inf	2094.25	536.89	641.52	16269.98	233.91
82	862.32	577.27	469.62	349.09	0.00	-nan	inf	2313.31	581.30	676.57	19403.53	256.38
83	847.97	557.03	447.33	329.98	0.00	-nan	inf	2032.01	542.63	647.31	13857.44	244.81
84	823.32	537.31	426.76	309.77	0.00	-nan	inf	2238.98	524.28	650.29	9952.67	237.26
85	813.92	516.33	432.96	356.32	0.00	-nan	inf	2242.12	513.83	584.87	10697.28	234.10
86	1199.94	778.50	38086.91	458.56	-nan	-nan	inf	inf	937490234.38	87.73	251001.40	85.53
87	1227.91	780.52	37545.65	-nan	-nan	-nan	inf	78398437.50	inf	84.11	inf	83.28
88	1212.06	782.55	39476.78	443.89	0.00	-nan	inf	65108095.37	806895.20	88.18	179976.62	86.01
89	1212.98	785.50	40380.14	457.76	0.00	-nan	inf	78946533.20	390100.23	86.21	172796.79	84.10
90	1227.28	776.06	40913.66	456.34	0.00	-nan	inf	86422674.01	416130.19	86.91	284881.45	84.89
91	1237.13	776.54	40320.40	418.53	0.00	-nan	inf	82951341.71	427680.09	86.32	190160.56	84.26
92	1247.05	787.46	39252.51	275.99	0.00	-nan	inf	83237516.98	416912.65	85.89	250846.81	83.95
93	1222.80	776.02	39248.25	458.39	0.00	-nan	inf	83523692.26	426614.46	86.98	799436.09	84.85
94	750.59	491.42	406.98	351.54	0.00	-nan	inf	1999.30	428.06	475.37	6504.12	207.60
95	799.26	510.29	429.80	330.79	0.00	-nan	inf	2249.10	529.73	579.77	11527.28	231.37
96	756.21	493.46	391.52	315.50	0.00	-nan	inf	2029.11	490.73	583.56	10429.82	221.49
97	837.28	548.59	438.73	324.34	0.00	-nan	inf	2233.28	514.67	609.64	10990.01	225.83
98	822.05	529.27	431.94	312.72	0.00	-nan	inf	2305.66	541.36	591.98	10007.91	234.31
99	759.50	511.90	397.81	339.22	0.00	-nan	inf	2112.27	518.11	591.39	11867.31	222.20
100	809.52	533.69	419.34	315.93	0.00	-nan	inf	2160.98	518.75	624.70	11147.62	233.04
101	789.80	520.22	390.03	335.17	0.00	-nan	inf	1943.37	489.97	609.01	11626.23	224.09
102	767.38	510.30	378.64	325.45	0.00	-nan	inf	2086.08	508.92	609.52	14286.76	218.48
103	771.04	525.91	395.77	350.18	0.00	-nan	inf	2185.76	507.49	612.00	10282.49	224.25
104	771.81	492.50	367.64	305.40	0.00	-nan	inf	1931.96	490.34	588.47	12236.13	211.60
105	790.09	495.76	352.57	329.08	0.00	-nan	inf	1669.17	471.14	609.19	12337.96	209.79
106	756.01	481.24	358.79	318.80	0.00	-nan	inf	1898.05	498.77	591.82	10956.41	209.54
107	833.41	537.64	420.43	344.58	0.00	-nan	inf	2151.37	554.44	622.40	13264.26	232.89
108	796.55	504.50	369.86	311.44	0.00	-nan	inf	1931.04	516.23	631.27	15328.43	218.63
109	788.30	506.89	360.29	313.07	0.00	-nan	inf	1883.15	483.80	586.22	11349.11	207.50
110	764.22	482.97	343.07	325.91	0.00	-nan	inf	1841.24	481.67	602.88	13353.30	205.57
111	780.50	505.47	373.02	312.15	0.00	-nan	inf	1923.11	505.39	604.23	12779.23	216.42
112	778.45	502.80	374.20	305.56	0.00	-nan	inf	2009.00	531.39	621.17	15465.60	171.23
113	755.62	486.67	355.07	302.96	0.00	-nan	inf	1848.97	507.82	601.72	13870.40	209.66
114	753.53	518.36	340.07	300.44	0.00	-nan	inf	1790.64	477.51	596.93	14715.22	203.45
115	782.42	481.19	339.11	319.96	0.00	-nan	inf	1817.73	496.26	609.35	12807.22	198.48
116	772.36	505.11	362.16	324.89	0.00	-nan	inf	1947.05	528.71	640.18	15438.69	201.30
117	795.25	511.42	346.88	308.33	0.00	-nan	inf	1682.48	484.01	609.08	21944.67	208.81
118	733.37	476.35	330.52	300.77	0.00	-nan	inf	1766.38	510.85	611.39	16785.05	202.70
119	766.23	502.92	341.64	317.67	0.00	-nan	inf	1766.18	507.65	626.86	17365.19	209.39
120	771.86	490.31	315.08	340.91	0.00	-nan	inf	1573.49	463.39	649.27	16484.50	200.56
121	770.58	505.90	337.55	319.79	0.00	-nan	inf	1801.56	518.85	655.35	17439.71	210.14
122	788.14	523.03	390.43	304.53	0.00	-nan	inf	2080.05	582.15	625.13	13515.95	226.28
123	777.10	526.91	358.32	335.17	0.00	-nan	inf	1830.67	505.20	588.33	12803.56	205.43
124	763.97	498.02	321.07	319.01	0.00	-nan	inf	1580.16	474.86	615.28	13666.59	199.33
125	746.62	479.92	328.75	328.37	0.00	-nan	inf	1759.12	484.46	560.74	12379.15	196.59
126	755.38	471.42	313.80	327.57	0.00	-nan	inf	1642.34	485.82	614.61	14427.66	197.81
127	730.72	461.87	286.38	311.65	0.00	-nan	inf	1370.04	446.87	621.38	15755.91	186.16
128	766.40	489.73	319.19	322.92	0.00	-nan	inf	1715.16	487.13	629.50	16440.62	200.23
129	744.75	482.10	318.41	310.01	0.00	-nan	inf	1663.24	506.58	616.74	15655.38	201.15
130	747.10	470.89	303.39	327.95	0.00	-nan	inf	1524.15	484.11	617.01	19086.91	192.97
131	764.78	516.55	345.17	337.96	0.00	-nan	inf	1865.78	525.81	613.32	15101.75	209.12
132	762.09	465.75	310.91	323.49	0.00	-nan	inf	1714.28	500.86	594.10	14274.39	194.75
133	720.94	454.47	270.57	318.83	0.00	-nan	inf	1381.35	441.39	615.48	18597.67	179.13
134	716.31	489.09	298.48	314.21	0.00	-nan	inf	1578.36	479.62	615.22	17734.45	187.28
135	762.80	473.39	306.30	318.87	0.00	-nan	inf	1608.87	490.56	593.30	17278.35	191.18
136	756.67	507.67	292.89	307.27	0.00	-nan	inf	1440.72	441.49	624.74	15536.09	186.36
137	754.56	480.42	300.98	310.40	0.00	-nan	inf	1608.64	482.31	603.37	15301.51	192.76
138	734.73	465.41	294.29	345.87	0.00	-nan	inf	1541.33	474.93	600.21	15607.54	188.24
139	757.23	474.66	296.73	343.14	0.00	-nan	inf	1514.87	482.31	620.07	17986.29	187.51
140	724.01	476.55	287.69	314.56	0.00	-nan	inf	1505.08	488.03	653.82	21201.45	191.04
141	752.39	484.39	309.06	308.02	0.00	-nan	inf	1621.95	517.24	635.50	18134.93	197.51
142	740.54	466.77	283.32	305.88	0.00	-nan	inf	1477.18	474.72	602.65	19562.84	184.75
143	705.49	487.19	290.97	301.37	0.00	-nan	inf	1493.86	475.13	637.39	19545.76	190.45
144	726.97	448.02	284.56	332.83	0.00	-nan	inf	1497.07	491.67	613.95	16961.21	185.01
145	729.16	470.12	286.20	337.14	0.00	-nan	inf	1423.05	479.23	611.15	17719.18	186.73
146	736.35	470.84	297.81	319.89	0.00	-nan	inf	1572.07	485.29	579.95	19204.64	188.25
147	733.09	463.88	286.60	309.77	0.00	-nan	inf	1550.87	470.74	627.34	17189.99	188.76
148	715.24	446.04	257.99	321.73	0.00	-nan	inf	1190.96	426.50	617.58	18299.57	174.52
149	714.77	450.54	270.80	342.66	0.00	-nan	inf	1429.29	472.31	630.34	17983.31	181.38
150	743.86	461.44	291.85	315.00	0.00	-nan	inf	1587.37	511.07	612.41	18530.30	189.07
151	736.86	473.00	273.39	328.10	0.00	-nan	inf	1269.44	444.28	634.19	16324.71	182.04
152	725.20	450.23	271.37	295.21	0.00	-nan	inf	1444.33	474.28	620.54	17839.81	181.90
153	723.75	481.33	279.38	316.43	0.00	-nan	inf	1443.57	482.65	638.74	20300.20	185.51
154	707.10	446.40	247.10	309.78	0.00	-nan	inf	1220.60	419.70	606.22	14490.33	167.72
155	731.63	470.14	268.17	331.57	0.00	-nan	inf	1341.96	452.43	614.02	18861.33	178.95
156	747.73	490.11	280.16	318.57	0.00	-nan	inf	1454.86	466.92	601.89	19775.08	183.10
157	736.18	455.93	271.95	317.05	0.00	-nan	inf	1413.35	461.66	608.66	17408.98	180.96
158	703.38	457.44	254.26	324.18	0.00	-nan	inf	1251.81	428.55	608.66	18498.28	171.94
159	718.62	472.07	275.44	310.13	0.00	-nan	inf	1407.93	472.91	615.58	19625.72	183.66
160	747.05	468.98	277.97	310.28	0.00	-nan	inf	1483.58	478.75	613.36	16896.91	183.24
161	722.86	476.67	265.21	315.53	0.00	-nan	inf	1313.46	455.67	624.58	19113.20	178.17
162	716.30	470.54	260.28	303.23	0.00	-nan	inf	1373.39	448.77	609.79	18443.88	175.59
163	714.87	456.55	255.12	304.99	0.00	-nan	inf	1341.20	459.56	646.16	20464.74	175.48
164	712.26	439.04	244.09	302.76	0.00	-nan	inf	1165.10	419.27	602.94	16735.08	167.15
165	730.38	479.48	276.10	311.80	0.00	-nan	inf	1474.95	472.57	589.65	19862.59	180.38
166	696.86	437.11	254.57	284.95	0.00	-nan	inf	1302.69	455.79	607.37	19532.12	172.99
167	707.73	440.91	246.78	309.22	0.00	-nan	inf	1272.61	426.17	608.87	18454.67	165.60
168	710.19	460.11	265.72	299.22	0.00	-nan	inf	1391.88	482.66	595.06	22485.15	177.34
169	699.74	439.08	237.65	314.96	0.00	-nan	inf	1154.20	413.62	615.94	17547.38	164.15
170	699.56	464.12	255.35	296.08	0.00	-nan	inf	1341.97	445.14	603.94	18296.95	171.28
171	691.07	451.82	248.75	320.94	0.00	-nan	inf	1247.15	449.08	625.14	20584.84	170.74
172	745.55	453.49	257.81	308.12	0.00	-nan	inf	1291.03	440.53	612.54	18829.83	171.91
173	689.83	447.11	248.13	302.63	0.00	-nan	inf	1258.45	454.92	597.95	16944.29	169.47
174	699.43	439.67	237.10	335.09	0.00	-nan	inf	1199.69	432.51	617.49	21869.29	164.34
175	692.03	436.21	235.58	293.68	0.00	-nan	inf	1132.77	423.13	614.60	17933.28	162.79
176	703.04	441.42	244.53	292.02	0.00	-nan	inf	1257.50	462.46	626.91	19166.14	169.54
177	727.95	462.94	255.35	338.32	0.00	-nan	inf	1310.45	463.08	627.22	19536.42	174.64
178	689.41	452.63	236.10	313.28	0.00	-nan	inf	1181.64	424.46	590.23	17972.27	160.66
179	703.65	452.71	250.46	320.66	0.00	-nan	inf	1292.11	464.55	608.05	22257.17	171.01
180	702.08	437.32	241.26	334.55	0.00	-nan	inf	1289.13	448.59	597.17	20850.73	164.73
