1	0.0000	1.0000	0.0000	1.0000	0.0000	1.0000
2	0.8170	5.4659	0.8170	5.4659	0.8348	6.0543
3	0.9016	10.1668	0.9016	10.1668	0.9126	11.4410
4	0.9004	10.0389	0.9004	10.0389	0.9113	11.2691
5	0.9011	10.1063	0.9011	10.1063	0.9113	11.2719
6	0.9043	10.4466	0.9043	10.4466	0.9154	11.8138
7	0.9064	10.6830	0.9064	10.6830	0.9174	12.1028
8	0.9041	10.4237	0.9041	10.4237	0.9151	11.7792
9	0.9039	10.4032	0.9039	10.4032	0.9149	11.7458
10	0.9068	10.7344	0.9068	10.7344	0.9192	12.3733
11	0.9031	10.3245	0.9031	10.3245	0.9140	11.6276
12	0.9040	10.4202	0.9040	10.4202	0.9150	11.7637
13	0.9062	10.6599	0.9062	10.6599	0.9179	12.1765
14	0.9040	10.4130	0.9040	10.4130	0.9149	11.7555
15	0.9055	10.5769	0.9055	10.5769	0.9166	11.9944
16	0.9065	10.6965	0.9065	10.6965	0.9182	12.2223
17	0.9036	10.3703	0.9036	10.3703	0.9143	11.6645
18	0.9073	10.7840	0.9073	10.7840	0.9197	12.4561
19	0.9092	11.0161	0.9092	11.0161	0.9226	12.9275
20	0.9140	11.6309	0.9140	11.6309	0.9297	14.2214
21	0.9141	11.6437	0.9141	11.6437	0.9298	14.2508
22	0.9131	11.5064	0.9131	11.5064	0.9262	13.5478
23	0.9151	11.7828	0.9151	11.7828	0.9303	14.3523
24	0.9158	11.8827	0.9158	11.8827	0.9307	14.4374
25	0.9183	12.2462	0.9183	12.2462	0.9328	14.8819
26	0.9260	13.5201	0.9260	13.5201	0.9419	17.1992
27	0.9145	11.6922	0.9145	11.6922	0.9281	13.9015
28	0.9120	11.3573	0.9120	11.3573	0.9263	13.5641
29	0.9235	13.0656	0.9235	13.0656	0.9416	17.1184
30	0.9161	11.9197	0.9161	11.9197	0.9303	14.3376
31	0.9155	11.8398	0.9155	11.8398	0.9303	14.3494
32	0.9129	11.4842	0.9129	11.4842	0.9279	13.8718
33	0.9164	11.9618	0.9164	11.9618	0.9324	14.7865
34	0.9213	12.7093	0.9213	12.7093	0.9380	16.1240
35	0.9133	11.5368	0.9133	11.5368	0.9269	13.6849
36	0.9153	11.8090	0.9153	11.8090	0.9305	14.3968
37	0.9159	11.8883	0.9159	11.8883	0.9320	14.7157
38	0.9200	12.4937	0.9200	12.4937	0.9363	15.6894
39	0.9226	12.9179	0.9226	12.9179	0.9397	16.5845
40	0.9149	11.7578	0.9149	11.7578	0.9297	14.2271
41	0.9120	11.3623	0.9120	11.3623	0.9252	13.3760
42	0.9163	11.9464	0.9163	11.9464	0.9303	14.3510
43	0.9144	11.6786	0.9144	11.6786	0.9278	13.8453
44	0.9205	12.5855	0.9205	12.5855	0.9375	15.9950
45	0.9178	12.1727	0.9178	12.1727	0.9341	15.1797
46	0.9199	12.4886	0.9199	12.4886	0.9361	15.6423
47	0.9227	12.9328	0.9227	12.9328	0.9400	16.6554
48	0.9293	14.1428	0.9293	14.1428	0.9483	19.3368
49	0.9267	13.6448	0.9267	13.6448	0.9441	17.8971
50	0.9224	12.8841	0.9224	12.8841	0.9389	16.3751
51	0.9192	12.3701	0.9192	12.3701	0.9363	15.6997
52	0.9179	12.1797	0.9179	12.1797	0.9333	14.9821
53	0.9196	12.4358	0.9196	12.4358	0.9362	15.6657
54	0.9271	13.7222	0.9271	13.7222	0.9453	18.2673
55	0.9230	12.9937	0.9230	12.9937	0.9404	16.7732
56	0.9249	13.3141	0.9249	13.3141	0.9433	17.6234
57	0.9284	13.9611	0.9284	13.9611	0.9476	19.0740
58	0.9278	13.8579	0.9278	13.8579	0.9463	18.6117
59	0.9166	11.9971	0.9166	11.9971	0.9317	14.6472
60	0.9219	12.7968	0.9219	12.7968	0.9389	16.3664
61	0.9266	13.6245	0.9266	13.6245	0.9447	18.0721
62	0.9185	12.2654	0.9185	12.2654	0.9349	15.3665
63	0.9247	13.2873	0.9247	13.2873	0.9412	17.0003
64	0.9246	13.2648	0.9246	13.2648	0.9410	16.9609
65	0.9238	13.1251	0.9238	13.1251	0.9418	17.1909
66	0.9287	14.0295	0.9287	14.0295	0.9474	19.0245
67	0.9306	14.4058	0.9306	14.4058	0.9505	20.2206
68	0.9225	12.8990	0.9225	12.8990	0.9402	16.7356
69	0.9271	13.7140	0.9271	13.7140	0.9454	18.3294
70	0.9260	13.5060	0.9260	13.5060	0.9443	17.9677
71	0.9309	14.4790	0.9309	14.4790	0.9519	20.7688
72	0.9280	13.8815	0.9280	13.8815	0.9460	18.5312
73	0.9279	13.8633	0.9279	13.8633	0.9462	18.5871
74	0.9328	14.8720	0.9328	14.8720	0.9529	21.2206
75	0.9319	14.6833	0.9319	14.6833	0.9515	20.6045
76	0.9271	13.7208	0.9271	13.7208	0.9446	18.0365
77	0.9332	14.9692	0.9332	14.9692	0.9520	20.8345
78	0.9326	14.8345	0.9326	14.8345	0.9523	20.9582
79	0.9275	13.8018	0.9275	13.8018	0.9462	18.5909
80	0.9255	13.4318	0.9255	13.4318	0.9445	18.0313
81	0.9319	14.6853	0.9319	14.6853	0.9514	20.5590
82	0.9311	14.5179	0.9311	14.5179	0.9511	20.4620
83	0.9234	13.0554	0.9234	13.0554	0.9399	16.6484
84	0.9100	11.1119	0.9100	11.1119	0.9190	12.3478
85	0.9093	11.0257	0.9093	11.0257	0.9191	12.3629
86	0.9999	17777.5926	0.9999	17777.5926	0.9999	17777.5926
87	1.0000	inf	1.0000	inf	1.0000	inf
88	1.0000	193345.0000	1.0000	193345.0000	1.0000	98992640.0000
89	1.0000	64673.0000	1.0000	64673.0000	1.0000	86380633.0435
90	1.0000	38938.6000	1.0000	38938.6000	1.0000	73839122.9630
91	1.0000	325611.6667	1.0000	325611.6667	1.0000	100027904.0000
92	1.0000	75400.3846	1.0000	75400.3846	1.0000	87280862.6087
93	1.0000	42764.1304	1.0000	42764.1304	1.0000	74605985.1852
94	0.8499	6.6608	0.8499	6.6608	0.8703	7.7105
95	0.9074	10.7949	0.9074	10.7949	0.9192	12.3757
96	0.9107	11.1922	0.9107	11.1922	0.9220	12.8133
97	0.9134	11.5410	0.9134	11.5410	0.9245	13.2386
98	0.9133	11.5314	0.9133	11.5314	0.9253	13.3872
99	0.9161	11.9121	0.9161	11.9121	0.9289	14.0636
100	0.9169	12.0283	0.9169	12.0283	0.9298	14.2384
101	0.9152	11.7920	0.9152	11.7920	0.9285	13.9883
102	0.9238	13.1200	0.9238	13.1200	0.9389	16.3716
103	0.9191	12.3535	0.9191	12.3535	0.9333	14.9927
104	0.9187	12.3027	0.9187	12.3027	0.9328	14.8751
105	0.9199	12.4774	0.9199	12.4774	0.9350	15.3854
106	0.9211	12.6750	0.9211	12.6750	0.9353	15.4567
107	0.9241	13.1821	0.9241	13.1821	0.9393	16.4619
108	0.9284	13.9723	0.9284	13.9723	0.9459	18.4978
109	0.9224	12.8874	0.9224	12.8874	0.9376	16.0181
110	0.9209	12.6487	0.9209	12.6487	0.9365	15.7510
111	0.9226	12.9256	0.9226	12.9256	0.9387	16.3112
112	0.9242	13.1894	0.9242	13.1894	0.9396	16.5663
113	0.9245	13.2497	0.9245	13.2497	0.9412	17.0190
114	0.9226	12.9162	0.9226	12.9162	0.9384	16.2235
115	0.9221	12.8411	0.9221	12.8411	0.9374	15.9655
116	0.9264	13.5817	0.9264	13.5817	0.9448	18.1239
117	0.9287	14.0286	0.9287	14.0286	0.9473	18.9858
118	0.9328	14.8854	0.9328	14.8854	0.9529	21.2132
119	0.9341	15.1783	0.9341	15.1783	0.9546	22.0211
120	0.9317	14.6467	0.9317	14.6467	0.9491	19.6328
121	0.9316	14.6142	0.9316	14.6142	0.9503	20.1368
122	0.9295	14.1898	0.9295	14.1898	0.9476	19.0705
123	0.9256	13.4331	0.9256	13.4331	0.9435	17.6914
124	0.9270	13.6996	0.9270	13.6996	0.9449	18.1498
125	0.9274	13.7719	0.9274	13.7719	0.9459	18.4873
126	0.9289	14.0554	0.9289	14.0554	0.9481	19.2751
127	0.9325	14.8062	0.9325	14.8062	0.9525	21.0616
128	0.9335	15.0470	0.9335	15.0470	0.9532	21.3615
129	0.9322	14.7395	0.9322	14.7395	0.9510	20.4216
130	0.9346	15.2822	0.9346	15.2822	0.9538	21.6448
131	0.9302	14.3175	0.9302	14.3175	0.9496	19.8221
132	0.9314	14.5769	0.9314	14.5769	0.9502	20.0641
133	0.9348	15.3458	0.9348	15.3458	0.9541	21.7943
134	0.9341	15.1706	0.9341	15.1706	0.9540	21.7496
135	0.9343	15.2160	0.9343	15.2160	0.9548	22.1207
136	0.9355	15.5115	0.9355	15.5115	0.9563	22.8757
137	0.9294	14.1625	0.9294	14.1625	0.9473	18.9760
138	0.9335	15.0326	0.9335	15.0326	0.9536	21.5435
139	0.9358	15.5723	0.9358	15.5723	0.9563	22.8895
140	0.9401	16.7011	0.9401	16.7011	0.9614	25.8937
141	0.9376	16.0215	0.9376	16.0215	0.9572	23.3383
142	0.9369	15.8512	0.9369	15.8512	0.9568	23.1379
143	0.9380	16.1258	0.9380	16.1258	0.9595	24.7030
144	0.9364	15.7202	0.9364	15.7202	0.9571	23.3022
145	0.9382	16.1733	0.9382	16.1733	0.9594	24.6225
146	0.9378	16.0737	0.9378	16.0737	0.9593	24.5972
147	0.9345	15.2723	0.9345	15.2723	0.9544	21.9074
148	0.9378	16.0704	0.9378	16.0704	0.9583	23.9846
149	0.9364	15.7284	0.9364	15.7284	0.9569	23.1775
150	0.9381	16.1498	0.9381	16.1498	0.9590	24.4110
151	0.9369	15.8487	0.9369	15.8487	0.9571	23.2953
152	0.9360	15.6289	0.9360	15.6289	0.9563	22.8761
153	0.9421	17.2657	0.9421	17.2657	0.9628	26.8807
154	0.9350	15.3754	0.9350	15.3754	0.9546	22.0269
155	0.9391	16.4228	0.9391	16.4228	0.9589	24.3300
156	0.9369	15.8421	0.9369	15.8421	0.9581	23.8626
157	0.9331	14.9553	0.9331	14.9553	0.9533	21.4199
158	0.9386	16.2828	0.9386	16.2828	0.9601	25.0808
159	0.9384	16.2305	0.9384	16.2305	0.9589	24.3312
160	0.9344	15.2402	0.9344	15.2402	0.9546	22.0061
161	0.9404	16.7717	0.9404	16.7717	0.9619	26.2132
162	0.9378	16.0757	0.9378	16.0757	0.9583	23.9872
163	0.9388	16.3446	0.9388	16.3446	0.9598	24.8638
164	0.9387	16.3242	0.9387	16.3242	0.9596	24.7619
165	0.9375	15.9901	0.9375	15.9901	0.9574	23.4908
166	0.9393	16.4720	0.9393	16.4720	0.9611	25.7332
167	0.9369	15.8518	0.9369	15.8518	0.9579	23.7297
168	0.9411	16.9695	0.9411	16.9695	0.9626	26.7328
169	0.9383	16.2056	0.9383	16.2056	0.9594	24.6055
170	0.9366	15.7634	0.9366	15.7634	0.9579	23.7337
171	0.9424	17.3555	0.9424	17.3555	0.9631	27.1275
172	0.9369	15.8557	0.9369	15.8557	0.9581	23.8617
173	0.9381	16.1524	0.9381	16.1524	0.9591	24.4647
174	0.9407	16.8746	0.9407	16.8746	0.9618	26.1964
175	0.9392	16.4452	0.9392	16.4452	0.9602	25.0984
176	0.9415	17.0852	0.9415	17.0852	0.9632	27.1386
177	0.9402	16.7316	0.9402	16.7316	0.9604	25.2636
178	0.9406	16.8446	0.9406	16.8446	0.9621	26.3608
179	0.9431	17.5852	0.9431	17.5852	0.9654	28.8611
180	0.9405	16.8156	0.9405	16.8156	0.9616	26.0116
