1	0.000	0	-nan	0.000	0	-nan	0	0
2	0.157	332	132.08	0.000	0	inf	332	0
3	0.239	398	104.19	0.000	0	inf	398	0
4	0.211	418	123.81	0.000	0	inf	418	0
5	0.196	448	142.69	0.000	0	inf	448	0
6	0.271	483	111.44	0.000	0	inf	483	0
7	0.224	520	145.38	0.000	0	inf	520	0
8	0.284	548	120.73	0.000	0	inf	548	0
9	0.224	578	161.18	0.000	0	inf	578	0
10	0.259	637	153.75	0.000	0	inf	637	0
11	0.279	632	141.60	0.000	0	inf	632	0
12	0.284	664	146.09	0.000	0	inf	664	0
13	0.252	701	174.17	0.000	0	inf	701	0
14	0.286	722	157.88	0.000	0	inf	722	0
15	0.280	756	169.00	0.000	0	inf	756	0
16	0.310	788	159.08	0.000	0	inf	788	0
17	0.324	815	157.41	0.000	0	inf	815	0
18	0.349	856	153.30	0.000	0	inf	856	0
19	0.285	901	197.46	0.000	0	inf	901	0
20	0.339	994	183.26	0.000	0	inf	994	0
21	0.363	1001	172.49	0.000	0	inf	1001	0
22	0.306	977	199.50	0.000	0	inf	977	0
23	0.387	1020	164.72	0.000	0	inf	1020	0
24	0.329	1042	198.22	0.000	0	inf	1042	0
25	0.347	1087	195.56	0.000	0	inf	1087	0
26	0.396	1174	185.30	0.000	0	inf	1174	0
27	0.352	1107	196.48	0.000	0	inf	1107	0
28	0.350	1155	206.37	0.000	0	inf	1155	0
29	0.385	1211	196.58	0.000	0	inf	1211	0
30	0.394	1229	194.92	0.000	0	inf	1229	0
31	0.366	1270	216.75	0.000	0	inf	1270	0
32	0.350	1260	225.17	0.000	0	inf	1260	0
33	0.433	1312	189.55	0.000	0	inf	1312	0
34	0.440	1322	187.68	0.000	0	inf	1322	0
35	0.373	1328	222.62	0.000	0	inf	1328	0
36	0.390	1458	233.73	0.000	0	inf	1458	0
37	0.412	1386	210.26	0.000	0	inf	1386	0
38	0.380	1473	242.58	0.000	0	inf	1473	0
39	0.384	1497	243.49	0.000	0	inf	1497	0
40	0.482	1504	195.07	0.000	0	inf	1504	0
41	0.409	1533	234.02	0.000	0	inf	1533	0
42	0.483	1536	198.69	0.000	0	inf	1536	0
43	0.414	1610	243.34	0.000	0	inf	1610	0
44	0.472	1680	222.51	0.000	0	inf	1680	0
45	0.491	1700	216.60	0.000	0	inf	1700	0
46	0.510	1762	215.87	0.000	0	inf	1762	0
47	0.520	1814	218.00	0.000	0	inf	1814	0
48	0.551	1938	220.01	0.000	0	inf	1938	0
49	0.529	1942	229.48	0.000	0	inf	1942	0
50	0.437	1918	274.41	0.000	0	inf	1918	0
51	0.545	2017	231.33	0.000	0	inf	2017	0
52	0.571	2052	224.78	0.000	0	inf	2052	0
53	0.473	2133	281.69	0.000	0	inf	2133	0
54	0.608	2211	227.40	0.000	0	inf	2211	0
55	0.598	2230	232.87	0.000	0	inf	2230	0
56	0.590	2481	263.04	0.000	0	inf	2481	0
57	0.629	2391	237.68	0.000	0	inf	2391	0
58	0.622	2448	245.98	0.000	0	inf	2448	0
59	0.591	2384	252.11	0.000	0	inf	2384	0
60	0.587	2471	263.19	0.000	0	inf	2471	0
61	0.557	2576	288.89	0.000	0	inf	2576	0
62	0.666	2540	238.38	0.000	0	inf	2540	0
63	0.634	2688	264.94	0.000	0	inf	2688	0
64	0.684	2697	246.43	0.000	0	inf	2697	0
65	0.589	2819	299.21	0.000	0	inf	2819	0
66	0.697	2956	264.91	0.000	0	inf	2956	0
67	0.719	2964	257.73	0.000	0	inf	2964	0
68	0.714	2918	255.46	0.000	0	inf	2918	0
69	0.700	3116	278.25	0.000	0	inf	3116	0
70	0.753	3165	262.84	0.000	0	inf	3165	0
71	0.681	3274	300.29	0.000	0	inf	3274	0
72	0.755	3341	276.48	0.000	0	inf	3341	0
73	0.703	3407	303.10	0.000	0	inf	3407	0
74	0.762	3417	280.37	0.000	0	inf	3417	0
75	0.702	3528	314.15	0.000	0	inf	3528	0
76	0.740	3544	299.50	0.000	0	inf	3544	0
77	0.832	3570	268.10	0.000	0	inf	3570	0
78	0.843	3660	271.48	0.000	0	inf	3660	0
79	0.986	3766	238.79	0.000	0	inf	3766	0
80	0.748	3968	331.41	0.000	0	inf	3968	0
81	0.880	3928	279.11	0.000	0	inf	3928	0
82	0.799	3998	312.68	0.000	0	inf	3998	0
83	0.913	3894	266.57	0.000	0	inf	3894	0
84	0.832	3690	277.34	0.000	0	inf	3690	0
85	0.833	3777	283.28	0.000	0	inf	3777	0
86	0.000	0	-nan	0.000	0	-nan	0	0
87	0.000	1	2604.17	0.000	0	inf	1	0
88	0.000	1	2155.17	0.000	0	inf	1	0
89	0.000	1	2604.17	0.000	0	inf	1	0
90	0.000	1	2840.91	0.000	0	inf	1	0
91	0.000	1	2717.39	0.000	0	inf	1	0
92	0.000	1	2717.39	0.000	0	inf	1	0
93	0.000	1	2717.39	0.000	0	inf	1	0
94	0.964	3834	248.53	0.000	0	inf	3834	0
95	0.860	3953	287.28	0.000	0	inf	3953	0
96	0.956	4066	265.69	0.000	0	inf	4066	0
97	0.872	4152	297.60	0.000	0	inf	4152	0
98	0.847	4260	314.18	0.000	0	inf	4260	0
99	0.928	4382	295.07	0.000	0	inf	4382	0
100	0.910	4450	305.54	0.000	0	inf	4450	0
101	1.016	4600	283.08	0.000	0	inf	4600	0
102	0.949	4691	308.85	0.000	0	inf	4691	0
103	0.909	4733	325.43	0.000	0	inf	4733	0
104	1.032	4859	294.32	0.000	0	inf	4859	0
105	1.198	4989	260.23	0.000	0	inf	4989	0
106	1.057	5044	298.20	0.000	0	inf	5044	0
107	0.936	5138	343.17	0.000	0	inf	5138	0
108	1.046	5401	322.73	0.000	0	inf	5401	0
109	1.076	5400	313.65	0.000	0	inf	5400	0
110	1.104	5397	305.51	0.000	0	inf	5397	0
111	1.061	5586	329.20	0.000	0	inf	5586	0
112	1.018	5607	344.09	0.000	0	inf	5607	0
113	1.110	5779	325.34	0.000	0	inf	5779	0
114	1.150	5736	311.74	0.000	0	inf	5736	0
115	1.136	5855	321.99	0.000	0	inf	5855	0
116	1.064	6028	353.96	0.000	0	inf	6028	0
117	1.236	6161	311.62	0.000	0	inf	6161	0
118	1.181	6228	329.68	0.000	0	inf	6228	0
119	1.185	6432	339.36	0.000	0	inf	6432	0
120	1.334	6376	298.77	0.000	0	inf	6376	0
121	1.169	6506	347.96	0.000	0	inf	6506	0
122	1.015	6475	398.59	0.000	0	inf	6475	0
123	1.157	6574	355.06	0.000	0	inf	6574	0
124	1.345	6725	312.54	0.000	0	inf	6725	0
125	1.212	6811	351.30	0.000	0	inf	6811	0
126	1.302	6873	329.94	0.000	0	inf	6873	0
127	1.566	7072	282.34	0.000	0	inf	7072	0
128	1.254	7233	360.40	0.000	0	inf	7233	0
129	1.297	7249	349.20	0.000	0	inf	7249	0
130	1.420	7480	329.19	0.000	0	inf	7480	0
131	1.164	7373	396.00	0.000	0	inf	7373	0
132	1.270	7520	369.98	0.000	0	inf	7520	0
133	1.581	7670	303.16	0.000	0	inf	7670	0
134	1.388	7784	350.49	0.000	0	inf	7784	0
135	1.366	7829	358.25	0.000	0	inf	7829	0
136	1.530	7947	324.67	0.000	0	inf	7947	0
137	1.374	8028	365.12	0.000	0	inf	8028	0
138	1.439	8127	353.10	0.000	0	inf	8127	0
139	1.468	8342	355.17	0.000	0	inf	8342	0
140	1.482	8426	355.37	0.000	0	inf	8426	0
141	1.379	8497	385.06	0.000	0	inf	8497	0
142	1.519	8537	351.31	0.000	0	inf	8537	0
143	1.506	8668	359.67	0.000	0	inf	8668	0
144	1.507	8775	363.83	0.000	0	inf	8775	0
145	1.590	8716	342.52	0.000	0	inf	8716	0
146	1.444	8934	386.72	0.000	0	inf	8934	0
147	1.468	8885	378.32	0.000	0	inf	8885	0
148	1.917	9026	294.28	0.000	0	inf	9026	0
149	1.602	9192	358.63	0.000	0	inf	9192	0
150	1.447	9256	399.92	0.000	0	inf	9256	0
151	1.814	9382	323.25	0.000	0	inf	9382	0
152	1.599	9415	368.02	0.000	0	inf	9415	0
153	1.604	9778	380.93	0.000	0	inf	9778	0
154	1.903	9530	313.03	0.000	0	inf	9530	0
155	1.736	9766	351.68	0.000	0	inf	9766	0
156	1.605	9971	388.17	0.000	0	inf	9971	0
157	1.657	9718	366.50	0.000	0	inf	9718	0
158	1.876	10178	339.02	0.000	0	inf	10178	0
159	1.673	9990	373.21	0.000	0	inf	9990	0
160	1.592	10044	394.29	0.000	0	inf	10044	0
161	1.803	10398	360.38	0.000	0	inf	10398	0
162	1.729	10508	379.75	0.000	0	inf	10508	0
163	1.776	10548	371.23	0.000	0	inf	10548	0
164	2.050	10760	328.06	0.000	0	inf	10760	0
165	1.624	10694	411.63	0.000	0	inf	10694	0
166	1.843	10854	367.99	0.000	0	inf	10854	0
167	1.892	10841	358.07	0.000	0	inf	10841	0
168	1.735	11030	397.38	0.000	0	inf	11030	0
169	2.098	11158	332.44	0.000	0	inf	11158	0
170	1.809	10979	379.29	0.000	0	inf	10979	0
171	1.952	11488	367.83	0.000	0	inf	11488	0
172	1.891	11346	375.05	0.000	0	inf	11346	0
173	1.945	11588	372.38	0.000	0	inf	11588	0
174	2.046	11713	357.86	0.000	0	inf	11713	0
175	2.172	11706	336.79	0.000	0	inf	11706	0
176	1.962	11954	380.78	0.000	0	inf	11954	0
177	1.888	11798	390.59	0.000	0	inf	11798	0
178	2.099	12058	359.01	0.000	0	inf	12058	0
179	1.925	12251	397.80	0.000	0	inf	12251	0
180	1.934	12233	395.25	0.000	0	inf	12233	0
