1	151	151	0	647	647
2	15	15	0	148	795
3	163	163	0	1	796
4	735	735	0	33	829
5	164	164	0	6	835
6	765	765	0	27	862
7	794	794	0	35	897
8	814	814	0	25	922
9	844	844	0	21	943
10	905	905	0	51	994
11	892	892	0	20	1014
12	914	914	0	20	1034
13	923	923	0	30	1064
14	1008	1008	0	26	1090
15	958	958	0	33	1123
16	974	974	0	23	1146
17	999	999	0	18	1164
18	1037	1037	0	17	1181
19	1034	1034	0	27	1208
20	1040	1040	0	25	1233
21	1071	1071	0	25	1258
22	1082	1082	0	19	1277
23	1095	1095	0	22	1299
24	1114	1114	0	18	1317
25	1134	1134	0	19	1336
26	1156	1156	0	40	1376
27	1176	1176	0	21	1397
28	1190	1190	0	19	1416
29	1233	1233	0	20	1436
30	1236	1236	0	20	1456
31	1260	1260	0	19	1475
32	1281	1281	0	21	1496
33	1288	1288	0	20	1516
34	1312	1312	0	20	1536
35	1388	1388	0	27	1563
36	1344	1344	0	21	1584
37	1468	1468	0	31	1615
38	1412	1412	0	21	1636
39	1434	1434	0	20	1656
40	1443	1443	0	21	1677
41	1515	1515	0	28	1705
42	1537	1537	0	19	1724
43	1560	1560	0	18	1742
44	1575	1575	0	18	1760
45	1615	1615	0	22	1782
46	1673	1673	0	20	1802
47	1667	1667	0	19	1821
48	1689	1689	0	17	1838
49	1698	1698	0	21	1859
50	1725	1725	0	20	1879
51	1748	1748	0	18	1897
52	1806	1806	0	18	1915
53	1813	1813	0	19	1934
54	1868	1868	0	18	1952
55	1930	1930	0	22	1974
56	1938	1938	0	29	2003
57	1995	1995	0	19	2022
58	2018	2018	0	17	2039
59	2048	2048	0	16	2055
60	2051	2051	0	24	2079
61	2108	2108	0	19	2098
62	2124	2124	0	18	2116
63	2177	2177	0	19	2135
64	2233	2233	0	21	2156
65	2278	2278	0	19	2175
66	2306	2306	0	20	2195
67	2347	2347	0	18	2213
68	2371	2371	0	23	2236
69	2443	2443	0	21	2257
70	2486	2486	0	21	2278
71	2538	2538	0	16	2294
72	2578	2578	0	17	2311
73	2639	2639	0	16	2327
74	2640	2640	0	22	2349
75	2668	2668	0	22	2371
76	2709	2709	0	17	2388
77	2771	2771	0	20	2408
78	2819	2819	0	19	2427
79	2881	2881	0	19	2446
80	2896	2896	0	27	2473
81	2967	2967	0	36	2509
82	2992	2992	0	23	2532
83	3066	3066	0	21	2553
84	3151	3151	0	17	2570
85	3185	3185	0	17	2587
86	3236	3236	0	16	2603
87	3296	3296	0	21	2624
88	3324	3324	0	23	2647
89	3375	3375	0	18	2665
90	3425	3425	0	19	2684
91	3460	3460	0	23	2707
92	3545	3545	0	16	2723
93	3619	3619	0	19	2742
94	3658	3658	0	26	2768
95	3837	3837	0	35	2803
96	3765	3765	0	18	2821
97	3834	3834	0	22	2843
98	3898	3898	0	18	2861
99	3964	3964	0	17	2878
100	4007	4007	0	20	2898
