1	0.0762	1.0825	0.0762	1.0825	0.0836	1.0912
2	0.7360	3.7881	0.7360	3.7881	0.7917	4.8012
3	0.9986	700.5970	0.9986	700.5970	0.9986	702.3213
4	0.5369	2.1592	0.5369	2.1592	0.9568	23.1691
5	0.9921	127.1273	0.9921	127.1273	0.9928	138.6006
6	0.5359	2.1548	0.5359	2.1548	0.9649	28.5021
7	0.5445	2.1953	0.5445	2.1953	0.9534	21.4731
8	0.5472	2.2086	0.5472	2.2086	0.9688	32.0529
9	0.5472	2.2085	0.5472	2.2085	0.9733	37.5020
10	0.5281	2.1193	0.5281	2.1193	0.9310	14.4937
11	0.5514	2.2290	0.5514	2.2290	0.9756	40.9128
12	0.5442	2.1942	0.5442	2.1942	0.9750	39.9256
13	0.5448	2.1968	0.5448	2.1968	0.9606	25.3534
14	0.5312	2.1329	0.5312	2.1329	0.9669	30.2213
15	0.5436	2.1912	0.5436	2.1912	0.9574	23.4837
16	0.5460	2.2026	0.5460	2.2026	0.9718	35.4291
17	0.5519	2.2318	0.5519	2.2318	0.9780	45.4368
18	0.5528	2.2363	0.5528	2.2363	0.9795	48.6692
19	0.5304	2.1296	0.5304	2.1296	0.9658	29.2613
20	0.5382	2.1655	0.5382	2.1655	0.9687	31.9191
21	0.5447	2.1962	0.5447	2.1962	0.9685	31.7369
22	0.5462	2.2036	0.5462	2.2036	0.9765	42.5212
23	0.5419	2.1828	0.5419	2.1828	0.9728	36.7889
24	0.5508	2.2262	0.5508	2.2262	0.9785	46.4879
25	0.5517	2.2305	0.5517	2.2305	0.9773	44.1066
26	0.5430	2.1882	0.5430	2.1882	0.9467	18.7567
27	0.5274	2.1161	0.5274	2.1161	0.9743	38.9557
28	0.5355	2.1531	0.5355	2.1531	0.9768	43.0309
29	0.5329	2.1410	0.5329	2.1410	0.9749	39.8634
30	0.5486	2.2154	0.5486	2.2154	0.9755	40.8763
31	0.5346	2.1487	0.5346	2.1487	0.9772	43.8062
32	0.5515	2.2297	0.5515	2.2297	0.9739	38.3717
33	0.5366	2.1580	0.5366	2.1580	0.9761	41.8777
34	0.5452	2.1986	0.5452	2.1986	0.9749	39.9190
35	0.5216	2.0905	0.5216	2.0905	0.9659	29.3106
36	0.5339	2.1453	0.5339	2.1453	0.9736	37.9207
37	0.5463	2.2039	0.5463	2.2039	0.9598	24.9027
38	0.5342	2.1469	0.5342	2.1469	0.9747	39.5180
39	0.5432	2.1894	0.5432	2.1894	0.9753	40.4595
40	0.5344	2.1476	0.5344	2.1476	0.9748	39.7031
41	0.5241	2.1012	0.5241	2.1012	0.9639	27.7388
42	0.5505	2.2245	0.5505	2.2245	0.9769	43.2462
43	0.5461	2.2032	0.5461	2.2032	0.9783	46.0148
44	0.5475	2.2100	0.5475	2.2100	0.9778	45.1257
45	0.5410	2.1785	0.5410	2.1785	0.9735	37.7782
46	0.5436	2.1908	0.5436	2.1908	0.9756	41.0533
47	0.5496	2.2203	0.5496	2.2203	0.9770	43.5677
48	0.5496	2.2203	0.5496	2.2203	0.9796	49.0373
49	0.5445	2.1952	0.5445	2.1952	0.9742	38.8054
50	0.5442	2.1937	0.5442	2.1937	0.9759	41.4928
51	0.5442	2.1939	0.5442	2.1939	0.9781	45.7383
52	0.5485	2.2146	0.5485	2.2146	0.9780	45.5009
53	0.5401	2.1743	0.5401	2.1743	0.9771	43.6853
54	0.5478	2.2116	0.5478	2.2116	0.9787	46.9310
55	0.5315	2.1345	0.5315	2.1345	0.9732	37.3029
56	0.5367	2.1584	0.5367	2.1584	0.9639	27.6657
57	0.5480	2.2122	0.5480	2.2122	0.9779	45.1629
58	0.5525	2.2345	0.5525	2.2345	0.9806	51.6732
59	0.5530	2.2371	0.5530	2.2371	0.9814	53.6504
60	0.5326	2.1395	0.5326	2.1395	0.9708	34.2546
61	0.5403	2.1751	0.5403	2.1751	0.9783	46.0655
62	0.5496	2.2204	0.5496	2.2204	0.9792	47.9909
63	0.5394	2.1710	0.5394	2.1710	0.9780	45.4614
64	0.5474	2.2095	0.5474	2.2095	0.9746	39.3147
65	0.5522	2.2329	0.5522	2.2329	0.9784	46.3686
66	0.5376	2.1626	0.5376	2.1626	0.9766	42.8010
67	0.5507	2.2258	0.5507	2.2258	0.9794	48.4556
68	0.5276	2.1168	0.5276	2.1168	0.9729	36.9682
69	0.5487	2.2160	0.5487	2.2160	0.9749	39.8929
70	0.5495	2.2200	0.5495	2.2200	0.9758	41.3035
71	0.5546	2.2452	0.5546	2.2452	0.9818	54.8486
72	0.5551	2.2476	0.5551	2.2476	0.9813	53.3456
73	0.5551	2.2476	0.5551	2.2476	0.9816	54.3232
74	0.5456	2.2005	0.5456	2.2005	0.9734	37.5237
75	0.5270	2.1143	0.5270	2.1143	0.9745	39.1918
76	0.5536	2.2399	0.5536	2.2399	0.9813	53.4238
77	0.5398	2.1728	0.5398	2.1728	0.9774	44.2165
78	0.5550	2.2474	0.5550	2.2474	0.9775	44.4401
79	0.5555	2.2498	0.5555	2.2498	0.9786	46.7452
80	0.5459	2.2020	0.5459	2.2020	0.9672	30.4570
81	0.5402	2.1750	0.5402	2.1750	0.9566	23.0311
82	0.5453	2.1991	0.5453	2.1991	0.9734	37.6021
83	0.5565	2.2547	0.5565	2.2547	0.9762	41.9962
84	0.5603	2.2743	0.5603	2.2743	0.9815	54.1470
85	0.5602	2.2738	0.5602	2.2738	0.9813	53.4461
86	0.5631	2.2890	0.5631	2.2890	0.9824	56.7383
87	0.5584	2.2646	0.5584	2.2646	0.9762	41.9440
88	0.5451	2.1981	0.5451	2.1981	0.9744	39.1385
89	0.5607	2.2765	0.5607	2.2765	0.9805	51.2530
90	0.5616	2.2808	0.5616	2.2808	0.9793	48.2617
91	0.5452	2.1988	0.5452	2.1988	0.9747	39.4607
92	0.5630	2.2885	0.5630	2.2885	0.9825	57.2839
93	0.5546	2.2449	0.5546	2.2449	0.9794	48.6224
94	0.5507	2.2256	0.5507	2.2256	0.9701	33.4098
95	0.5404	2.1756	0.5404	2.1756	0.9589	24.3118
96	0.5617	2.2814	0.5617	2.2814	0.9807	51.7880
97	0.5614	2.2801	0.5614	2.2801	0.9757	41.2218
98	0.5544	2.2443	0.5544	2.2443	0.9801	50.1549
99	0.5622	2.2839	0.5622	2.2839	0.9824	56.7967
100	0.5594	2.2696	0.5594	2.2696	0.9785	46.4256
