1	663.09	436.10	1396.79	491.95	0.00	-nan	inf	107100.65	834.61	192.64	835.09	158.88
2	1182.26	790.26	40019.75	929.09	0.00	-nan	inf	1268452.08	18104.35	123.02	3999.13	119.38
3	1247.04	820.65	19969.50	482.87	0.00	-nan	inf	274852.03	599473.93	142.70	464853.48	134.21
4	1041.29	673.79	1159.54	480.21	0.00	-nan	inf	10546.95	903.79	419.27	15530.83	253.54
5	1249.52	828.01	21470.35	643.37	0.00	-nan	inf	258657.39	375736.81	139.61	85691.54	131.83
6	1044.04	674.08	1085.89	497.87	0.00	-nan	inf	8310.64	806.72	423.78	21713.38	246.87
7	1022.20	654.29	1052.86	493.24	0.00	-nan	inf	9578.60	854.13	416.99	15650.68	247.41
8	1041.19	648.65	1061.72	480.20	0.00	-nan	inf	8020.64	891.73	419.15	23300.12	249.18
9	1028.74	668.94	1037.09	477.87	0.00	-nan	inf	7498.01	932.90	427.70	24876.74	246.42
10	919.34	613.41	901.73	441.98	0.00	-nan	inf	6397.11	663.46	375.39	11187.72	218.95
11	1033.11	669.17	975.35	469.22	0.00	-nan	inf	6322.65	911.35	429.62	25329.70	246.52
12	1019.83	655.76	994.59	503.93	0.00	-nan	inf	6229.78	861.68	418.92	25059.96	241.46
13	978.58	633.37	917.08	479.92	0.00	-nan	inf	5927.13	798.44	410.94	16362.68	240.35
14	971.52	643.14	931.97	479.73	0.00	-nan	inf	5686.19	789.94	392.29	19191.03	224.67
15	990.35	644.05	907.12	465.99	0.00	-nan	inf	5572.88	796.35	403.02	16180.41	237.83
16	1014.63	655.31	937.58	484.34	0.00	-nan	inf	5735.79	856.42	398.82	21129.34	234.76
17	995.82	643.19	865.77	460.61	0.00	-nan	inf	5004.13	850.26	425.16	27293.41	235.17
18	952.31	643.75	830.76	451.94	0.00	-nan	inf	4485.43	829.91	406.97	26481.04	227.38
19	969.83	631.67	892.20	469.34	0.00	-nan	inf	5068.88	771.52	395.08	17951.00	225.15
20	956.42	629.91	857.89	458.49	0.00	-nan	inf	4749.32	799.76	404.21	19887.38	228.74
21	931.87	631.17	811.18	449.65	0.00	-nan	inf	4407.61	767.03	391.21	20897.54	224.26
22	975.35	638.58	836.27	466.10	0.00	-nan	inf	4406.31	794.93	418.85	26514.49	230.20
23	955.27	635.06	807.48	464.01	0.00	-nan	inf	4227.22	796.90	398.03	21563.43	227.31
24	972.84	631.12	807.72	463.89	0.00	-nan	inf	4108.25	803.84	411.03	28086.82	226.46
25	981.81	647.63	839.63	448.20	0.00	-nan	inf	4122.79	785.89	405.98	24940.67	231.14
26	938.68	609.51	791.25	460.11	0.00	-nan	inf	3966.95	678.27	379.89	13345.10	217.45
27	981.15	643.70	860.20	467.89	0.00	-nan	inf	4286.78	764.62	403.63	23425.51	223.31
28	940.54	627.26	800.63	466.48	0.00	-nan	inf	3944.89	765.04	401.11	25484.99	223.64
29	914.35	616.71	726.91	460.53	0.00	-nan	inf	3383.30	735.87	409.16	24712.12	218.11
30	921.87	627.24	737.55	457.40	0.00	-nan	inf	3453.18	741.21	403.84	23638.60	223.07
31	925.07	631.34	756.62	456.18	0.00	-nan	inf	3463.25	751.65	397.88	28607.79	218.27
32	969.59	617.89	732.56	458.34	0.00	-nan	inf	3343.64	744.48	414.64	23601.24	223.39
33	917.70	618.55	680.45	473.25	0.00	-nan	inf	3070.37	712.91	383.14	25723.75	210.79
34	924.33	615.19	714.47	452.37	0.00	-nan	inf	3166.41	700.75	406.13	27778.92	217.38
35	874.29	590.07	645.16	437.87	0.00	-nan	inf	2927.06	635.01	372.78	18816.06	198.53
36	901.89	605.67	663.97	449.52	0.00	-nan	inf	2929.34	689.09	406.40	24539.14	214.08
37	877.30	578.05	619.19	420.09	0.00	-nan	inf	2549.14	600.62	395.88	17420.12	206.86
38	900.98	596.37	649.14	429.92	0.00	-nan	inf	2786.27	675.67	383.54	24051.21	206.54
39	867.60	583.17	649.36	462.08	0.00	-nan	inf	2765.28	668.21	391.58	24759.07	207.05
40	930.63	610.23	674.05	441.46	0.00	-nan	inf	2802.31	665.92	381.87	23416.37	207.87
41	888.57	575.69	620.14	430.53	0.00	-nan	inf	2548.10	628.44	378.19	17741.25	198.50
42	897.52	586.98	605.58	461.94	0.00	-nan	inf	2458.45	657.03	398.39	29581.47	206.35
43	898.55	591.88	646.68	453.34	0.00	-nan	inf	2564.55	675.75	400.60	26745.96	209.62
44	865.22	573.97	609.88	452.81	0.00	-nan	inf	2392.39	642.46	405.62	26859.85	206.57
45	910.77	596.58	630.20	451.29	0.00	-nan	inf	2415.16	637.07	374.79	22209.72	202.70
46	852.59	575.55	592.86	440.29	0.00	-nan	inf	2264.20	624.98	384.01	23386.63	197.84
47	865.64	574.42	556.35	443.44	0.00	-nan	inf	2130.61	617.67	377.84	27036.24	195.85
48	902.48	590.77	573.52	413.27	0.00	-nan	inf	2144.45	643.91	397.66	29892.37	201.09
49	890.06	583.83	588.59	431.70	0.00	-nan	inf	2198.44	621.12	389.94	23969.37	203.32
50	909.97	578.19	554.42	423.29	0.00	-nan	inf	2066.05	611.90	385.58	24310.78	199.69
51	907.54	599.41	574.95	451.85	0.00	-nan	inf	2142.33	646.39	387.21	25672.73	201.42
52	915.75	599.46	558.80	432.76	0.00	-nan	inf	1980.76	631.16	408.41	27200.83	205.18
53	882.48	581.79	587.44	449.99	0.00	-nan	inf	2168.92	636.55	384.17	27505.90	200.74
54	882.32	569.40	526.01	449.50	0.00	-nan	inf	1889.98	604.71	390.52	27166.27	198.52
55	858.24	563.29	493.78	428.54	0.00	-nan	inf	1710.64	577.59	378.20	23456.32	191.14
56	860.15	559.17	498.79	443.74	0.00	-nan	inf	1710.69	570.28	381.23	16648.55	191.30
57	904.61	589.83	528.52	436.09	0.00	-nan	inf	1781.68	622.41	395.60	28094.12	198.76
58	887.37	573.91	501.06	421.63	0.00	-nan	inf	1700.09	602.20	389.51	29013.12	193.07
59	923.36	595.10	524.57	423.41	0.00	-nan	inf	1755.92	619.30	413.39	29803.02	199.03
60	892.32	586.63	536.39	423.29	0.00	-nan	inf	1841.11	597.83	392.21	21521.02	196.54
61	860.43	579.20	491.87	461.52	0.00	-nan	inf	1683.39	595.82	368.19	26361.93	185.85
62	886.33	578.91	517.39	416.17	0.00	-nan	inf	1724.84	613.45	394.50	26425.83	197.33
63	885.12	585.27	509.88	437.77	0.00	-nan	inf	1694.55	586.36	403.18	25657.46	196.01
64	837.17	549.26	453.34	430.80	0.00	-nan	inf	1491.11	561.46	385.89	25851.46	187.68
65	870.18	610.45	494.85	429.14	0.00	-nan	inf	1615.92	562.62	384.22	28007.36	194.43
66	884.97	559.00	464.97	430.53	0.00	-nan	inf	1513.26	556.49	381.90	24274.61	187.12
67	982.02	594.95	495.72	421.53	0.00	-nan	inf	1595.97	587.57	392.60	28878.73	196.56
68	846.12	562.31	470.20	413.11	0.00	-nan	inf	1508.66	562.06	369.51	25559.40	183.65
69	861.10	573.71	473.00	428.41	0.00	-nan	inf	1506.60	562.40	387.58	25529.48	188.95
70	858.77	548.96	440.98	425.77	0.00	-nan	inf	1381.85	544.28	375.30	26507.42	183.74
71	854.37	565.06	431.84	393.73	0.00	-nan	inf	1316.42	569.91	394.30	32369.53	184.19
72	856.34	559.53	438.77	471.66	0.00	-nan	inf	1371.79	554.93	376.80	31454.50	185.15
73	845.20	583.15	430.47	398.74	0.00	-nan	inf	1300.45	544.86	383.41	31040.37	179.53
74	849.58	561.16	429.36	432.13	0.00	-nan	inf	1314.33	531.82	397.71	23832.88	181.43
75	863.86	571.45	435.07	451.45	0.00	-nan	inf	1365.16	534.25	362.25	24516.51	178.39
76	872.21	579.87	447.41	442.36	0.00	-nan	inf	1389.85	564.66	367.65	36420.40	183.85
77	850.97	565.95	407.66	426.53	0.00	-nan	inf	1234.72	529.80	360.09	25911.21	175.40
78	810.06	551.55	390.14	402.04	0.00	-nan	inf	1166.48	514.37	391.48	27775.33	178.52
79	849.00	547.29	385.20	431.56	0.00	-nan	inf	1158.04	517.96	382.36	26656.00	177.78
80	856.21	562.57	416.68	462.12	0.00	-nan	inf	1251.39	526.41	377.94	18482.56	176.88
81	872.51	554.63	409.80	465.19	0.00	-nan	inf	1229.46	490.12	373.80	16190.99	177.93
82	826.07	531.68	373.66	396.62	0.00	-nan	inf	1130.98	505.59	384.43	22457.77	175.07
83	901.90	571.01	419.92	411.84	0.00	-nan	inf	1268.46	556.87	388.62	24955.64	177.96
84	847.30	558.24	384.01	407.90	0.00	-nan	inf	1139.72	516.64	372.90	29360.53	175.65
85	850.08	568.27	375.19	447.07	0.00	-nan	inf	1103.58	511.33	393.09	34476.95	175.82
86	826.67	529.53	370.88	498.16	0.00	-nan	inf	1091.28	509.60	380.90	33325.55	170.88
87	830.32	554.33	384.50	399.95	0.00	-nan	inf	1119.20	512.87	378.23	26504.26	175.52
88	862.84	554.09	371.27	426.42	0.00	-nan	inf	1073.43	484.34	357.58	23461.74	168.91
89	829.70	528.41	367.86	424.61	0.00	-nan	inf	1077.66	511.35	383.54	30654.02	174.32
90	832.81	526.84	351.89	408.98	0.00	-nan	inf	1014.28	499.52	368.71	27088.81	166.59
91	816.34	542.04	378.25	395.67	0.00	-nan	inf	1088.38	502.32	356.20	25610.39	168.82
92	820.67	523.95	335.85	405.52	0.00	-nan	inf	958.24	483.45	384.48	32417.90	165.59
93	799.81	525.08	345.59	403.05	0.00	-nan	inf	988.18	494.08	378.32	31629.20	167.78
94	812.94	532.85	349.14	440.00	0.00	-nan	inf	1002.21	493.13	376.19	20959.34	164.89
95	795.89	499.70	322.00	377.49	0.00	-nan	inf	936.27	444.90	345.08	15833.30	156.76
96	839.89	530.97	322.35	405.71	0.00	-nan	inf	917.07	484.31	358.77	30091.70	159.82
97	810.27	524.75	329.87	404.99	0.00	-nan	inf	926.41	474.51	357.36	23433.39	161.13
98	844.80	565.90	334.85	437.48	0.00	-nan	inf	945.48	482.68	370.25	30175.23	162.69
99	827.00	531.70	327.52	463.30	0.00	-nan	inf	923.69	485.59	369.48	33101.81	163.61
100	836.50	544.79	322.01	387.31	0.00	-nan	inf	904.62	486.92	359.85	25801.36	160.22
