1	0.711	1718	151.11	0.000	0	inf	1718	0
2	0.866	3097	223.45	0.000	0	inf	3097	0
3	0.630	3299	327.02	0.000	0	inf	3299	0
4	0.998	3768	235.86	0.000	0	inf	3768	0
5	0.891	4060	284.77	0.000	0	inf	4060	0
6	1.393	4530	203.32	0.000	0	inf	4530	0
7	1.767	4981	176.13	0.000	0	inf	4981	0
8	1.581	5286	208.97	0.000	0	inf	5286	0
9	1.822	5711	195.89	0.000	0	inf	5711	0
10	2.725	6232	142.93	0.000	0	inf	6232	0
11	2.756	7348	166.62	0.000	0	inf	7348	0
12	2.121	7715	227.38	0.000	0	inf	7715	0
13	2.650	7677	181.03	0.000	0	inf	7677	0
14	2.490	8056	202.20	0.000	0	inf	8056	0
15	2.831	8449	186.53	0.000	0	inf	8449	0
16	2.736	8755	199.96	0.000	0	inf	8755	0
17	2.442	9022	230.89	0.000	0	inf	9022	0
18	2.935	9393	200.00	0.000	0	inf	9393	0
19	2.498	9483	237.29	0.000	0	inf	9483	0
20	3.226	9629	186.53	0.000	0	inf	9629	0
21	3.152	10224	202.72	0.000	0	inf	10224	0
22	2.996	10301	214.89	0.000	0	inf	10301	0
23	3.197	10623	207.68	0.000	0	inf	10623	0
24	2.632	10770	255.79	0.000	0	inf	10770	0
25	3.472	11034	198.60	0.000	0	inf	11034	0
26	3.679	11470	194.87	0.000	0	inf	11470	0
27	3.266	11662	223.14	0.000	0	inf	11662	0
28	3.661	11880	202.81	0.000	0	inf	11880	0
29	3.028	12585	259.72	0.000	0	inf	12585	0
30	3.861	12684	205.35	0.000	0	inf	12684	0
31	4.285	13065	190.58	0.000	0	inf	13065	0
32	3.907	13231	211.65	0.000	0	inf	13231	0
33	4.234	14469	213.61	0.000	0	inf	14469	0
34	4.625	14486	195.76	0.000	0	inf	14486	0
35	4.083	14763	225.97	0.000	0	inf	14763	0
36	4.567	15030	205.67	0.000	0	inf	15030	0
37	3.910	15069	240.88	0.000	0	inf	15069	0
38	4.541	15320	210.86	0.000	0	inf	15320	0
39	4.888	15952	203.98	0.000	0	inf	15952	0
40	4.638	15846	213.55	0.000	0	inf	15846	0
41	4.699	16869	224.37	0.000	0	inf	16869	0
42	5.415	17227	198.82	0.000	0	inf	17227	0
43	5.037	17424	216.18	0.000	0	inf	17424	0
44	4.508	17676	245.09	0.000	0	inf	17676	0
45	5.160	17817	215.82	0.000	0	inf	17817	0
46	5.037	17012	211.08	0.000	0	inf	17012	0
47	5.430	17117	197.01	0.000	0	inf	17117	0
48	5.129	17262	210.34	0.000	0	inf	17262	0
49	5.324	16830	197.59	0.000	0	inf	16830	0
50	6.140	17689	180.06	0.000	0	inf	17689	0
51	5.357	17777	207.40	0.000	0	inf	17777	0
52	5.192	18118	218.09	0.000	0	inf	18118	0
53	4.814	18649	242.12	0.000	0	inf	18649	0
54	5.429	18598	214.11	0.000	0	inf	18598	0
55	4.617	19092	258.42	0.000	0	inf	19092	0
56	5.056	19792	244.66	0.000	0	inf	19792	0
57	4.914	19515	248.20	0.000	0	inf	19515	0
58	6.325	20458	202.16	0.000	0	inf	20458	0
59	5.379	20452	237.62	0.000	0	inf	20452	0
60	6.049	20729	214.19	0.000	0	inf	20729	0
61	5.869	20921	222.79	0.000	0	inf	20921	0
62	6.103	20880	213.81	0.000	0	inf	20880	0
63	5.047	21384	264.79	0.000	0	inf	21384	0
64	4.208	21601	320.85	0.000	0	inf	21601	0
65	3.883	21929	352.95	0.000	0	inf	21929	0
66	3.787	22729	375.08	0.000	0	inf	22729	0
67	3.877	22982	370.53	0.000	0	inf	22982	0
68	3.883	23097	371.81	0.000	0	inf	23097	0
69	3.880	22557	363.33	0.000	0	inf	22557	0
70	4.160	23016	345.79	0.000	0	inf	23016	0
71	4.270	23027	337.05	0.000	0	inf	23027	0
72	3.799	23177	381.35	0.000	0	inf	23177	0
73	3.827	23691	386.95	0.000	0	inf	23691	0
74	4.027	23730	368.26	0.000	0	inf	23730	0
75	3.812	23720	388.92	0.000	0	inf	23720	0
76	4.013	24031	374.31	0.000	0	inf	24031	0
77	4.026	24235	376.23	0.000	0	inf	24235	0
78	3.896	24706	396.34	0.000	0	inf	24706	0
79	4.042	24784	383.19	0.000	0	inf	24784	0
80	4.361	25072	359.34	0.000	0	inf	25072	0
81	4.216	25021	370.88	0.000	0	inf	25021	0
82	4.381	25186	359.32	0.000	0	inf	25186	0
83	4.326	25095	362.53	0.000	0	inf	25095	0
84	4.075	25540	391.71	0.000	0	inf	25540	0
85	4.287	25739	375.26	0.000	0	inf	25739	0
86	3.697	25540	431.73	0.000	0	inf	25540	0
87	3.919	25682	409.58	0.000	0	inf	25682	0
88	4.017	25604	398.36	0.000	0	inf	25604	0
89	4.041	26081	403.41	0.000	0	inf	26081	0
90	4.232	26654	393.62	0.000	0	inf	26654	0
91	4.788	27346	357.00	0.000	0	inf	27346	0
92	4.619	27547	372.74	0.000	0	inf	27547	0
93	4.218	28467	421.77	0.000	0	inf	28467	0
94	4.216	28494	422.38	0.000	0	inf	28494	0
95	4.216	29029	430.34	0.000	0	inf	29029	0
96	4.065	28796	442.72	0.000	0	inf	28796	0
97	4.729	29430	388.94	0.000	0	inf	29430	0
98	4.495	29086	404.43	0.000	0	inf	29086	0
99	4.838	30126	389.17	0.000	0	inf	30126	0
100	4.689	30340	404.43	0.000	0	inf	30340	0
101	4.339	30441	438.43	0.000	0	inf	30441	0
102	4.605	30919	419.64	0.000	0	inf	30919	0
103	4.847	30426	392.32	0.000	0	inf	30426	0
104	5.331	30475	357.30	0.000	0	inf	30475	0
105	5.054	30204	373.54	0.000	0	inf	30204	0
106	5.439	29737	341.69	0.000	0	inf	29737	0
107	5.596	30930	345.45	0.000	0	inf	30930	0
108	5.542	31290	352.89	0.000	0	inf	31290	0
109	5.257	30741	365.46	0.000	0	inf	30741	0
110	4.608	31127	422.14	0.000	0	inf	31127	0
111	4.969	31018	390.13	0.000	0	inf	31018	0
112	4.536	30861	425.18	0.000	0	inf	30861	0
113	4.983	31949	400.72	0.000	0	inf	31949	0
114	5.720	34157	373.23	0.000	0	inf	34157	0
115	5.452	35509	407.04	0.000	0	inf	35509	0
116	5.499	35872	407.69	0.000	0	inf	35872	0
117	5.153	35653	432.44	0.000	0	inf	35653	0
118	4.617	30637	414.74	0.000	0	inf	30637	0
119	4.781	31646	413.66	0.000	0	inf	31646	0
120	4.941	32012	404.91	0.000	0	inf	32012	0
121	5.182	32576	392.90	0.000	0	inf	32576	0
122	5.178	33031	398.67	0.000	0	inf	33031	0
123	5.164	33929	410.64	0.000	0	inf	33929	0
124	5.455	34488	395.17	0.000	0	inf	34488	0
125	5.358	35575	415.00	0.000	0	inf	35575	0
