1	6388711424	5274995196	860806870	0	252909358	0
2	6855196672	608394064	6188415677	0	58386931	0
3	7171276800	640400206	6485402969	0	45473625	0
4	7555579904	995555895	6449363169	0	110660840	0
5	8005681152	1021878981	6909364077	0	74438094	0
6	8616017920	1099315184	7438816507	0	77886229	0
7	9114157056	916602771	8038505203	0	159049082	0
8	9657909248	642609111	8906394817	0	108905320	0
9	10308485120	1117559035	9099061220	0	91864865	0
10	10931601408	1033792260	9790552739	0	107256409	0
11	11633950720	946466401	10513117405	0	174366914	0
12	11685199872	247919880	11397940949	0	39339043	0
13	11846615040	666709175	11114525410	0	65380455	0
14	12137660416	697631924	11332221129	0	107807363	0
15	12312641536	534796484	11711719624	0	66125428	0
16	12327845888	123997693	12174634165	0	29214030	0
17	12417236992	271670396	12090642752	0	54923844	0
18	12544442368	187278355	12309618116	0	47545897	0
19	12557549568	312921996	12211718563	0	32909009	0
20	12675907584	964803261	11616852368	0	94251955	0
21	12863995904	300324135	12514952251	0	48719518	0
22	13131317248	449490756	12620743348	0	61083144	0
23	13322354688	175024353	13116093176	0	31237159	0
24	13401063424	258906513	13108367398	0	33789513	0
25	13760004096	932162335	12728278332	0	99563429	0
26	13887275008	610859487	13219261902	0	57153619	0
27	14273282048	855254043	13322969874	0	95058131	0
28	14310965248	672065266	13564694248	0	74205734	0
29	14375583744	350941769	13980748600	0	43893375	0
30	14396424192	320867345	14033538146	0	42018701	0
31	14583595008	883329652	13582757062	0	117508294	0
32	14947123200	873807336	13957095092	0	116220772	0
33	15717695488	209259321	15438133173	0	70302994	0
34	15735259136	672465510	14922681058	0	140112568	0
35	15742140416	254632966	15427144268	0	60363182	0
36	15775367168	297351860	15420543970	0	57471338	0
37	15779233792	348276834	15363651439	0	67305519	0
38	16201482240	858631952	15175727778	0	167122510	0
39	16216752128	361793412	15710904579	0	144054137	0
40	16391733248	867940883	15469308087	0	54484278	0
41	16664690688	458917645	16068281911	0	137491132	0
42	16701915136	474205701	16090147749	0	137561686	0
43	16702308352	100641239	16559143056	0	42524057	0
44	16719151104	588958914	16031493093	0	98699097	0
45	16740909056	494893468	16178575087	0	67440501	0
46	16829382656	862342966	15805660536	0	161379154	0
47	16844390400	585272661	16088640825	0	170476914	0
48	16845307904	341835490	16455375544	0	48096870	0
49	17027563520	937685588	16049074557	0	40803375	0
50	17156407296	340219069	16746931514	0	69256713	0
51	17171939328	443081052	16667086317	0	61771959	0
52	17173774336	167008673	16967217651	0	39548012	0
53	17175674880	132832283	17000737318	0	42105279	0
54	17185112064	281634416	16879231579	0	24246069	0
55	17185177600	368554883	16758298558	0	58324159	0
56	17185570816	271229938	16863947328	0	50393550	0
57	17188126720	607289079	16509654143	0	71183498	0
58	17188388864	414375724	16689931899	0	84081241	0
59	17280008192	583133138	16601398077	0	95476977	0
60	17280008192	440422014	16752421338	0	87164840	0
61	17281974272	413706725	16751270787	0	116996760	0
62	17304846336	637053664	16516652174	0	151140498	0
63	17305436160	184482476	17078326312	0	42627372	0
64	17306812416	543367249	16676394608	0	87050559	0
65	17351704576	521073786	16698188036	0	132442754	0
66	17477730304	148457468	17278058610	0	51214226	0
67	17483759616	191173347	17243225229	0	49361040	0
68	17488674816	339313284	17073128166	0	76233366	0
69	17605328896	1167438304	16314244913	0	123645679	0
70	17605328896	221101318	17309747028	0	74480550	0
71	17606508544	621200350	16840150445	0	145157749	0
72	17647009792	555400094	16987192806	0	104416892	0
73	17647009792	111213900	17507094838	0	28701054	0
74	17652318208	360287323	17235076049	0	56954836	0
75	17669029888	545730891	17039755524	0	83543473	0
76	17669554176	474541487	17106036391	0	88976298	0
77	17703239680	542434013	17074923675	0	85881992	0
78	17703239680	135452567	17518360463	0	49426650	0
79	17786732544	471151848	17206628196	0	108952500	0
80	17788764160	407907618	17304700911	0	76155631	0
81	17789550592	671398844	16972006842	0	146144906	0
82	17789616128	356111744	17354456661	0	79047723	0
83	17792892928	548551470	17157404957	0	86936501	0
84	17792958464	327585928	17407837287	0	57535249	0
85	17792958464	123437300	17636372176	0	33148988	0
86	17793024000	424833824	17307458284	0	60731892	0
87	17793024000	108967723	17599907933	0	84148344	0
88	17793024000	174377380	17588172239	0	30474381	0
89	17859346432	179677888	17641579638	0	38088906	0
90	17860198400	222411995	17592754368	0	45032037	0
91	17862819840	572444602	17204139787	0	86235451	0
92	17863475200	531929917	17265595409	0	65949874	0
93	17863475200	133059346	17685120923	0	45294931	0
94	17884971008	224829428	17614837439	0	45304141	0
95	17887461376	236442628	17580463032	0	70555716	0
96	17888903168	337858310	17469710713	0	81334145	0
97	17888903168	218614464	17598776516	0	71512188	0
98	17888903168	452517735	17377610132	0	58775301	0
99	17889034240	352377624	17461255227	0	75401389	0
100	17889230848	140050839	17708475758	0	40704251	0
101	17889296384	418142177	17414057494	0	57096713	0
102	17889296384	153813135	17690556304	0	44926945	0
103	17889361920	619682831	17118247104	0	151431985	0
104	17889558528	411417135	17326573097	0	151568296	0
105	17999003648	986145374	16726101101	0	286757173	0
106	17999265792	711128197	17083058244	0	205079351	0
107	18590400512	1126642992	17205522276	0	258235244	0
108	18634702848	705001006	17835834230	0	93867612	0
109	18670092288	957703926	17510719597	0	201668765	0
110	18670092288	40163239	18610402644	0	19526405	0
111	18958057472	509276890	18399544736	0	49235846	0
112	19382599680	744310304	18538932427	0	99356949	0
113	19409076224	554697388	18758098283	0	96280553	0
114	19811205120	1064865463	18460762364	0	285577293	0
115	20483604480	753724057	19619394892	0	110485531	0
116	20502544384	172392234	20297601674	0	32550476	0
117	20524367872	397235436	20058764352	0	68368084	0
118	20532756480	447082794	19996819951	0	88853735	0
119	20533346304	284335846	20191848768	0	57161690	0
120	20534001664	381257750	20009359284	0	143384630	0
121	20534525952	439443182	19986240623	0	108842147	0
122	20534919168	377256398	20040733452	0	116929318	0
123	20535246848	355578242	20032274838	0	147393768	0
124	20535377920	565737265	19813713223	0	155927432	0
125	20540358656	467982077	19932479149	0	139897430	0
