1	0.1347	1.1557	0.1347	1.1557	0.1743	1.2111
2	0.9027	10.2810	0.9027	10.2810	0.9113	11.2677
3	0.9044	10.4557	0.9044	10.4557	0.9107	11.1981
4	0.8536	6.8301	0.8536	6.8301	0.8682	7.5893
5	0.8631	7.3023	0.8631	7.3023	0.8724	7.8343
6	0.8634	7.3191	0.8634	7.3191	0.8724	7.8376
7	0.8820	8.4731	0.8820	8.4731	0.8994	9.9434
8	0.9222	12.8513	0.9222	12.8513	0.9335	15.0292
9	0.8827	8.5235	0.8827	8.5235	0.8916	9.2241
10	0.8956	9.5803	0.8956	9.5803	0.9054	10.5743
11	0.9037	10.3797	0.9037	10.3797	0.9186	12.2920
12	0.9754	40.6783	0.9754	40.6783	0.9788	47.1330
13	0.9382	16.1819	0.9382	16.1819	0.9437	17.7688
14	0.9336	15.0696	0.9336	15.0696	0.9425	17.3984
15	0.9512	20.4896	0.9512	20.4896	0.9566	23.0230
16	0.9876	80.4628	0.9876	80.4628	0.9899	99.4200
17	0.9737	38.0204	0.9737	38.0204	0.9781	45.7070
18	0.9813	53.4206	0.9813	53.4206	0.9851	66.9829
19	0.9725	36.3112	0.9725	36.3112	0.9751	40.1300
20	0.9165	11.9691	0.9165	11.9691	0.9239	13.1383
21	0.9729	36.8550	0.9729	36.8550	0.9767	42.8337
22	0.9611	25.7187	0.9611	25.7187	0.9658	29.2138
23	0.9845	64.5896	0.9845	64.5896	0.9869	76.1171
24	0.9782	45.7849	0.9782	45.7849	0.9807	51.7602
25	0.9250	13.3369	0.9250	13.3369	0.9323	14.7614
26	0.9519	20.7889	0.9519	20.7889	0.9560	22.7340
27	0.9334	15.0196	0.9334	15.0196	0.9401	16.6889
28	0.9479	19.1766	0.9479	19.1766	0.9530	21.2940
29	0.9725	36.4091	0.9725	36.4091	0.9756	40.9629
30	0.9748	39.6720	0.9748	39.6720	0.9777	44.8672
31	0.9314	14.5714	0.9314	14.5714	0.9394	16.5098
32	0.9338	15.0977	0.9338	15.0977	0.9415	17.1057
33	0.9822	56.2225	0.9822	56.2225	0.9867	75.1111
34	0.9484	19.3646	0.9484	19.3646	0.9573	23.3994
35	0.9800	49.9757	0.9800	49.9757	0.9838	61.8229
36	0.9775	44.4598	0.9775	44.4598	0.9812	53.0529
37	0.9737	37.9690	0.9737	37.9690	0.9779	45.3066
38	0.9367	15.7947	0.9367	15.7947	0.9470	18.8689
39	0.9688	32.0586	0.9688	32.0586	0.9777	44.8232
40	0.9437	17.7703	0.9437	17.7703	0.9471	18.8858
41	0.9642	27.9417	0.9642	27.9417	0.9725	36.3130
42	0.9634	27.3011	0.9634	27.3011	0.9716	35.2208
43	0.9914	116.6645	0.9914	116.6645	0.9940	165.9589
44	0.9589	24.3132	0.9589	24.3132	0.9648	28.3876
45	0.9664	29.7704	0.9664	29.7704	0.9704	33.8273
46	0.9392	16.4394	0.9392	16.4394	0.9488	19.5159
47	0.9551	22.2883	0.9551	22.2883	0.9653	28.7804
48	0.9769	43.2006	0.9769	43.2006	0.9797	49.2790
49	0.9425	17.4019	0.9425	17.4019	0.9449	18.1591
50	0.9761	41.8985	0.9761	41.8985	0.9802	50.4275
51	0.9706	34.0137	0.9706	34.0137	0.9742	38.7558
52	0.9880	83.1432	0.9880	83.1432	0.9903	102.8316
53	0.9898	98.1817	0.9898	98.1817	0.9923	129.3035
54	0.9822	56.1824	0.9822	56.1824	0.9836	61.0192
55	0.9752	40.2577	0.9752	40.2577	0.9786	46.6285
56	0.9813	53.4338	0.9813	53.4338	0.9842	63.3616
57	0.9605	25.3336	0.9605	25.3336	0.9647	28.3030
58	0.9710	34.4832	0.9710	34.4832	0.9759	41.4802
59	0.9607	25.4638	0.9607	25.4638	0.9663	29.6330
60	0.9695	32.7529	0.9695	32.7529	0.9745	39.2351
61	0.9693	32.5643	0.9693	32.5643	0.9761	41.7735
62	0.9545	21.9551	0.9545	21.9551	0.9632	27.1639
63	0.9869	76.1985	0.9869	76.1985	0.9893	93.8053
64	0.9636	27.4529	0.9636	27.4529	0.9686	31.8510
65	0.9623	26.5513	0.9623	26.5513	0.9700	33.2999
66	0.9886	87.5323	0.9886	87.5323	0.9915	117.7289
67	0.9862	72.6872	0.9862	72.6872	0.9891	91.4550
68	0.9762	42.0859	0.9762	42.0859	0.9806	51.5414
69	0.9267	13.6361	0.9267	13.6361	0.9337	15.0803
70	0.9832	59.5616	0.9832	59.5616	0.9874	79.6256
71	0.9565	22.9743	0.9565	22.9743	0.9647	28.3427
72	0.9626	26.7453	0.9626	26.7453	0.9685	31.7735
73	0.9921	126.1267	0.9921	126.1267	0.9937	158.6763
74	0.9764	42.3071	0.9764	42.3071	0.9796	48.9951
75	0.9644	28.0784	0.9644	28.0784	0.9691	32.3768
76	0.9681	31.3558	0.9681	31.3558	0.9731	37.2350
77	0.9645	28.1757	0.9645	28.1757	0.9694	32.6367
78	0.9896	95.7557	0.9896	95.7557	0.9923	130.6970
79	0.9674	30.6613	0.9674	30.6613	0.9735	37.7516
80	0.9728	36.7488	0.9728	36.7488	0.9771	43.6098
81	0.9540	21.7598	0.9540	21.7598	0.9623	26.4962
82	0.9755	40.8807	0.9755	40.8807	0.9800	49.9552
83	0.9643	27.9988	0.9643	27.9988	0.9692	32.4361
84	0.9784	46.2009	0.9784	46.2009	0.9816	54.3154
85	0.9912	113.6304	0.9912	113.6304	0.9931	144.1457
86	0.9727	36.6439	0.9727	36.6439	0.9761	41.8823
87	0.9891	92.1364	0.9891	92.1364	0.9939	163.2871
88	0.9885	86.8580	0.9885	86.8580	0.9902	102.0375
89	0.9878	82.0113	0.9878	82.0113	0.9899	99.3965
90	0.9850	66.7811	0.9850	66.7811	0.9875	80.3023
91	0.9631	27.1191	0.9631	27.1191	0.9680	31.2045
92	0.9665	29.8780	0.9665	29.8780	0.9702	33.5824
93	0.9900	100.1573	0.9900	100.1573	0.9926	134.2519
94	0.9849	66.2079	0.9849	66.2079	0.9874	79.5491
95	0.9828	58.2657	0.9828	58.2657	0.9868	75.6524
96	0.9766	42.6747	0.9766	42.6747	0.9811	52.9479
97	0.9838	61.6589	0.9838	61.6589	0.9878	81.8285
98	0.9714	34.9876	0.9714	34.9876	0.9747	39.5319
99	0.9761	41.8184	0.9761	41.8184	0.9803	50.7667
100	0.9899	98.9694	0.9899	98.9694	0.9922	127.7338
101	0.9734	37.6427	0.9734	37.6427	0.9766	42.7828
102	0.9889	90.0135	0.9889	90.0135	0.9914	116.3054
103	0.9569	23.1993	0.9569	23.1993	0.9654	28.8686
104	0.9685	31.7762	0.9685	31.7762	0.9770	43.4828
105	0.9293	14.1401	0.9293	14.1401	0.9452	18.2519
106	0.9491	19.6454	0.9491	19.6454	0.9605	25.3109
107	0.9255	13.4239	0.9255	13.4239	0.9394	16.5007
108	0.9571	23.3264	0.9571	23.3264	0.9622	26.4322
109	0.9379	16.1036	0.9379	16.1036	0.9487	19.4946
110	0.9968	312.7861	0.9968	312.7861	0.9978	464.8552
111	0.9705	33.9438	0.9705	33.9438	0.9731	37.2254
112	0.9565	22.9742	0.9565	22.9742	0.9616	26.0410
113	0.9665	29.8153	0.9665	29.8153	0.9714	34.9904
114	0.9318	14.6702	0.9318	14.6702	0.9462	18.6044
115	0.9578	23.7021	0.9578	23.7021	0.9632	27.1765
116	0.9900	100.0404	0.9900	100.0404	0.9916	118.9296
117	0.9773	44.0812	0.9773	44.0812	0.9806	51.6680
118	0.9739	38.3119	0.9739	38.3119	0.9782	45.9261
119	0.9834	60.1274	0.9834	60.1274	0.9862	72.2151
120	0.9745	39.1390	0.9745	39.1390	0.9814	53.8586
121	0.9733	37.4523	0.9733	37.4523	0.9786	46.7285
122	0.9759	41.5530	0.9759	41.5530	0.9816	54.4323
123	0.9755	40.8278	0.9755	40.8278	0.9827	57.7517
124	0.9649	28.4556	0.9649	28.4556	0.9725	36.2984
125	0.9704	33.7902	0.9704	33.7902	0.9772	43.8913
