1	3.928	8.902	13.548	7.028	10.727	4.722	0.000	30.485	6.608	41.162
2	3.712	4.888	8.439	5.059	1.250	0.876	0.000	8.400	0.835	16.821
3	3.981	5.564	9.114	5.750	1.418	0.790	0.000	9.917	0.726	17.183
4	4.514	6.632	10.632	7.315	2.155	1.966	0.000	12.538	1.679	22.931
5	4.541	6.552	10.804	7.099	2.461	1.462	0.000	12.416	1.459	22.568
6	4.978	7.366	11.979	8.855	2.509	1.242	0.000	14.166	1.250	26.381
7	5.495	7.971	12.781	10.021	2.364	2.579	0.000	13.610	1.162	27.174
8	5.384	7.588	12.555	9.255	1.510	0.777	0.000	12.779	0.804	25.461
9	6.071	8.936	14.280	10.882	2.599	1.819	0.000	16.125	1.474	29.787
10	6.692	10.009	15.511	13.602	2.566	1.995	0.000	17.265	1.379	35.173
11	7.066	10.248	16.174	14.062	2.406	2.792	0.000	16.604	1.187	33.288
12	6.531	9.262	15.246	12.084	0.627	0.696	0.000	13.104	0.347	27.014
13	7.182	10.035	16.096	13.627	1.720	1.283	0.000	16.734	0.862	32.863
14	7.444	10.606	16.629	13.951	1.609	1.222	0.000	17.105	0.999	33.731
15	7.289	10.489	16.638	14.740	1.352	1.267	0.000	15.840	0.622	32.473
16	7.603	10.102	16.021	14.182	0.325	0.490	0.000	13.647	0.160	29.104
17	7.691	10.432	16.418	14.122	0.809	1.001	0.000	15.160	0.334	30.634
18	7.936	10.840	17.001	15.869	0.486	0.758	0.000	15.556	0.231	32.884
19	7.353	10.313	16.394	13.678	0.743	0.677	0.000	15.543	0.358	30.950
20	7.803	11.953	18.446	17.197	2.449	2.201	0.000	20.843	1.378	41.337
21	7.939	11.323	17.594	16.695	0.769	0.942	0.000	16.419	0.345	34.240
22	7.848	10.725	17.554	15.295	1.127	0.891	0.000	16.416	0.595	33.601
23	8.027	11.531	17.795	16.198	0.511	0.543	0.000	16.374	0.232	34.486
24	8.120	11.161	17.579	15.481	0.611	0.477	0.000	16.618	0.390	33.983
25	8.379	12.406	19.728	18.621	2.262	2.072	0.000	20.606	1.323	41.936
26	8.639	12.746	19.526	19.040	1.380	1.116	0.000	19.244	0.718	41.588
27	8.796	12.967	20.076	17.867	2.243	1.232	0.000	20.904	0.967	41.927
28	8.230	13.179	20.427	19.101	1.501	1.458	0.000	18.953	0.698	39.442
29	8.738	12.726	19.774	18.615	0.948	1.091	0.000	18.576	0.464	38.719
30	9.047	12.844	19.810	20.366	0.883	0.822	0.000	17.661	0.445	39.635
31	8.551	13.732	21.602	21.195	2.326	2.253	0.000	22.106	1.241	45.895
32	9.324	14.253	21.850	22.286	2.371	2.071	0.000	23.141	1.093	49.327
33	9.546	14.262	22.296	22.855	0.645	1.449	0.000	19.797	0.295	44.143
34	9.763	15.303	23.249	24.300	1.748	2.299	0.000	24.813	0.820	51.049
35	9.707	14.192	22.138	22.475	0.743	1.039	0.000	20.082	0.358	44.136
36	9.588	14.501	22.260	23.566	0.854	1.222	0.000	20.453	0.380	45.781
37	9.959	14.871	22.350	22.833	0.932	1.347	0.000	21.281	0.442	45.554
38	9.578	15.237	23.507	23.793	2.186	2.820	0.000	24.671	1.126	50.853
39	10.137	15.139	23.294	24.892	1.126	2.155	0.000	21.311	0.472	47.447
40	10.039	15.418	23.872	24.650	2.093	1.090	0.000	24.703	1.101	51.001
41	10.413	15.167	23.443	23.718	1.148	2.193	0.000	21.714	0.739	47.597
42	10.452	15.695	23.963	27.151	1.452	2.296	0.000	23.271	0.694	52.062
43	10.286	15.274	23.517	26.176	0.360	0.747	0.000	18.911	0.106	46.336
44	10.128	15.909	24.264	25.311	1.524	1.799	0.000	25.449	0.762	52.434
45	9.973	15.298	23.728	25.479	1.306	1.261	0.000	21.887	0.687	49.243
46	10.602	16.803	25.189	26.975	2.498	3.019	0.000	26.798	1.017	56.878
47	10.559	16.173	24.958	26.937	1.730	2.607	0.000	25.387	0.766	54.630
48	10.531	16.188	24.066	26.705	0.883	0.997	0.000	22.786	0.495	51.150
49	10.763	16.546	25.624	27.281	1.967	0.993	0.000	27.188	1.150	57.391
50	10.622	16.707	24.829	28.668	0.923	1.303	0.000	22.568	0.449	52.771
51	10.757	16.190	24.822	27.175	1.116	1.379	0.000	25.734	0.742	54.592
52	10.603	16.447	24.910	26.669	0.502	0.696	0.000	21.824	0.205	49.568
53	10.991	16.287	24.539	27.671	0.478	0.730	0.000	21.635	0.164	50.342
54	10.595	15.651	24.425	26.928	0.700	0.330	0.000	21.466	0.386	50.248
55	10.541	15.759	24.339	25.415	0.987	1.051	0.000	24.649	0.488	51.744
56	10.345	15.695	24.217	26.667	0.738	1.101	0.000	21.958	0.444	50.079
57	10.542	16.330	24.866	26.349	1.533	1.433	0.000	25.716	0.690	54.239
58	148.435	23.479	44.093	31.996	1.118	1.735	0.000	23.662	0.524	168.638
59	75.071	20.535	34.957	29.247	1.740	1.796	0.000	27.006	0.684	110.476
60	10.865	16.951	25.563	29.893	1.264	1.448	0.000	24.794	0.579	57.929
61	11.178	16.737	25.556	29.716	1.219	1.721	0.000	24.774	0.536	55.958
62	10.984	17.163	25.993	30.295	1.819	2.603	0.000	25.949	0.773	58.387
63	11.006	16.000	24.597	28.275	0.514	0.863	0.000	22.572	0.244	52.071
64	10.971	16.345	24.849	27.640	1.481	1.861	0.000	23.917	0.778	53.612
65	11.075	16.350	25.159	27.261	1.615	2.448	0.000	22.406	0.700	51.330
66	11.304	15.815	24.042	26.315	0.477	0.945	0.000	20.434	0.207	48.008
67	11.268	16.057	24.432	27.020	0.591	0.995	0.000	21.659	0.253	49.668
68	10.576	16.139	24.841	27.345	0.988	1.292	0.000	21.672	0.400	50.035
69	11.103	17.210	25.910	27.659	3.052	2.436	0.000	27.127	1.484	57.491
70	11.234	16.513	25.205	28.040	0.689	1.258	0.000	21.902	0.309	50.969
71	10.900	16.932	25.862	28.571	1.744	2.326	0.000	23.543	0.852	53.629
72	11.259	16.158	25.191	26.251	1.516	2.103	0.000	22.594	0.622	50.319
73	10.997	16.360	24.940	26.857	0.289	0.507	0.000	20.815	0.103	48.601
74	11.174	16.520	25.289	27.706	0.941	1.100	0.000	22.970	0.492	51.797
75	11.253	16.651	25.193	27.396	1.608	2.199	0.000	23.819	0.698	52.698
76	11.355	17.235	25.660	28.844	1.261	1.811	0.000	23.314	0.654	53.458
77	11.399	16.710	25.635	28.283	1.519	1.790	0.000	23.781	0.633	53.642
78	11.095	15.826	24.421	26.784	0.380	0.832	0.000	19.940	0.188	47.686
79	11.084	17.058	25.896	28.621	1.423	1.943	0.000	23.477	0.682	53.644
80	11.364	16.766	25.544	28.462	1.188	1.728	0.000	23.473	0.560	53.046
81	11.356	16.961	25.383	29.014	1.969	2.673	0.000	24.548	0.898	55.034
82	11.412	17.369	25.792	30.012	1.020	1.532	0.000	22.914	0.447	54.217
83	11.303	16.937	25.607	28.584	1.385	1.720	0.000	22.953	0.690	53.423
84	11.589	16.893	25.694	28.717	0.940	1.078	0.000	22.535	0.426	52.498
85	11.433	16.753	25.188	29.852	0.393	0.497	0.000	21.332	0.135	52.103
86	10.644	15.224	23.767	25.793	1.077	1.386	0.000	19.837	0.560	47.059
87	11.334	15.923	24.584	27.315	0.446	0.928	0.000	21.015	0.127	49.497
88	11.032	16.457	25.308	28.183	0.561	0.536	0.000	21.635	0.191	50.830
89	11.214	16.259	25.109	28.076	0.469	0.659	0.000	20.757	0.253	49.950
90	11.662	16.900	25.400	29.148	0.626	1.049	0.000	22.443	0.271	52.633
91	11.521	17.488	26.263	31.483	1.589	1.855	0.000	23.814	0.709	56.645
92	11.516	17.633	26.590	31.220	1.387	1.483	0.000	24.112	0.597	56.803
93	11.402	16.727	25.336	29.262	0.414	0.761	0.000	21.060	0.168	51.411
94	11.134	16.492	25.632	29.351	0.629	0.963	0.000	20.777	0.244	51.092
95	11.377	16.889	25.339	29.418	0.677	1.218	0.000	22.099	0.314	52.528
96	11.403	16.217	25.057	29.103	1.005	1.370	0.000	21.119	0.400	51.329
97	11.120	17.294	25.611	31.263	0.695	1.294	0.000	21.981	0.323	54.272
98	11.349	16.994	25.864	30.274	1.150	1.318	0.000	23.742	0.547	55.124
99	11.256	17.216	25.614	30.751	1.114	1.487	0.000	23.147	0.483	55.111
100	11.078	17.396	25.997	31.795	0.406	0.677	0.000	21.504	0.174	54.204
101	11.380	16.896	25.951	29.563	0.975	1.213	0.000	23.474	0.566	54.175
102	11.345	16.839	25.774	30.420	0.459	0.730	0.000	21.636	0.227	53.010
103	11.662	17.508	26.281	32.527	1.721	2.846	0.000	23.855	0.759	57.885
104	11.559	17.945	26.999	33.933	1.298	2.496	0.000	22.767	0.490	57.932
105	11.249	17.912	26.893	33.115	3.054	4.902	0.000	26.960	1.159	62.183
106	11.487	18.026	26.902	33.222	2.153	3.149	0.000	25.108	0.881	59.792
107	11.927	19.132	28.469	34.772	3.312	4.801	0.000	28.642	1.293	65.659
108	11.533	19.052	27.746	34.940	1.802	1.993	0.000	26.610	0.994	63.050
109	12.133	19.224	28.312	34.648	2.727	3.532	0.000	27.520	1.085	64.080
110	11.349	17.766	26.365	31.069	0.159	0.351	0.000	21.300	0.049	53.206
111	11.692	18.861	28.260	34.829	1.305	0.905	0.000	25.255	0.653	61.748
112	12.303	18.209	27.973	31.399	1.940	1.813	0.000	25.888	0.878	59.060
113	11.974	19.519	28.654	34.928	1.471	1.901	0.000	26.236	0.720	62.492
114	12.879	20.322	30.139	39.157	3.425	5.908	0.000	29.758	1.021	71.184
115	13.278	20.185	30.099	36.464	1.998	2.047	0.000	27.014	0.974	65.567
116	13.060	19.646	29.702	36.081	0.539	0.577	0.000	24.301	0.169	61.411
117	12.867	19.318	29.071	34.815	1.127	1.207	0.000	25.439	0.538	61.977
118	12.469	19.410	28.871	31.906	1.304	1.401	0.000	31.203	0.622	64.121
119	12.745	19.759	29.172	33.203	0.803	1.140	0.000	31.159	0.330	65.298
120	12.487	19.899	29.449	33.917	1.246	2.247	0.000	31.920	0.399	66.901
121	12.573	19.825	28.733	34.593	1.269	2.042	0.000	31.966	0.564	67.562
122	12.787	20.144	29.360	35.518	1.132	1.835	0.000	32.342	0.481	69.130
123	12.801	19.954	29.132	35.108	1.120	2.173	0.000	31.862	0.481	68.184
124	12.591	20.499	30.091	36.863	1.824	2.607	0.000	33.347	0.755	71.694
125	12.646	20.207	29.544	36.195	1.447	2.575	0.000	32.105	0.694	69.551
