1	0.3465	1.5302	0.3465	1.5302	0.7696	4.3410
2	0.8283	5.8243	0.8283	5.8243	0.9823	56.5406
3	0.8371	6.1388	0.8371	6.1388	0.9849	66.3786
4	0.8226	5.6372	0.8226	5.6372	0.9819	55.1328
5	0.8322	5.9602	0.8322	5.9602	0.9843	63.7942
6	0.8378	6.1650	0.8378	6.1650	0.9852	67.4942
7	0.8333	5.9971	0.8333	5.9971	0.9841	62.9931
8	0.8338	6.0184	0.8338	6.0184	0.9840	62.4833
9	0.8350	6.0588	0.8350	6.0588	0.9852	67.7104
10	0.8378	6.1659	0.8378	6.1659	0.9853	68.1023
11	0.8368	6.1270	0.8368	6.1270	0.9853	68.1274
12	0.8417	6.3182	0.8417	6.3182	0.9866	74.8442
13	0.8428	6.3629	0.8428	6.3629	0.9869	76.2080
14	0.8392	6.2197	0.8392	6.2197	0.9860	71.5371
15	0.8420	6.3309	0.8420	6.3309	0.9867	74.9823
16	0.8403	6.2615	0.8403	6.2615	0.9859	71.0714
17	0.8423	6.3395	0.8423	6.3395	0.9867	75.0554
18	0.8403	6.2623	0.8403	6.2623	0.9834	60.2595
19	0.8441	6.4152	0.8441	6.4152	0.9871	77.7656
20	0.8441	6.4129	0.8441	6.4129	0.9871	77.4704
21	0.8094	5.2476	0.8094	5.2476	0.9807	51.8743
22	0.8144	5.3888	0.8144	5.3888	0.9807	51.9214
23	0.8221	5.6220	0.8221	5.6220	0.9830	58.8797
24	0.8274	5.7950	0.8274	5.7950	0.9838	61.5667
25	0.8283	5.8239	0.8283	5.8239	0.9845	64.4417
26	0.8349	6.0584	0.8349	6.0584	0.9854	68.6430
27	0.8364	6.1130	0.8364	6.1130	0.9859	70.9447
28	0.8328	5.9804	0.8328	5.9804	0.9846	64.7421
29	0.8369	6.1317	0.8369	6.1317	0.9855	69.1861
30	0.8365	6.1155	0.8365	6.1155	0.9856	69.5704
31	0.8376	6.1587	0.8376	6.1587	0.9857	69.7203
32	0.8402	6.2576	0.8402	6.2576	0.9865	73.8210
33	0.8423	6.3404	0.8423	6.3404	0.9870	77.1223
34	0.8426	6.3517	0.8426	6.3517	0.9869	76.1587
35	0.8414	6.3060	0.8414	6.3060	0.9861	71.7516
36	0.8394	6.2268	0.8394	6.2268	0.9860	71.1870
37	0.8414	6.3033	0.8414	6.3033	0.9864	73.2706
38	0.8384	6.1900	0.8384	6.1900	0.9853	68.1338
39	0.8421	6.3326	0.8421	6.3326	0.9848	65.8831
40	0.8442	6.4196	0.8442	6.4196	0.9872	77.8438
41	0.8469	6.5326	0.8469	6.5326	0.9874	79.1452
42	0.8438	6.4021	0.8438	6.4021	0.9865	73.9533
43	0.8424	6.3464	0.8424	6.3464	0.9860	71.4367
44	0.8401	6.2528	0.8401	6.2528	0.9853	68.1878
45	0.8459	6.4912	0.8459	6.4912	0.9873	78.7821
46	0.8418	6.3193	0.8418	6.3193	0.9860	71.2775
47	0.8477	6.5659	0.8477	6.5659	0.9877	81.5198
48	0.8469	6.5330	0.8469	6.5330	0.9863	73.1070
49	0.8444	6.4263	0.8444	6.4263	0.9865	74.2916
50	0.8421	6.3332	0.8421	6.3332	0.9859	70.8001
51	0.8425	6.3499	0.8425	6.3499	0.9864	73.5707
52	0.8434	6.3847	0.8434	6.3847	0.9866	74.4529
53	0.8455	6.4730	0.8455	6.4730	0.9869	76.3823
54	0.8476	6.5616	0.8476	6.5616	0.9874	79.6373
55	0.8474	6.5537	0.8474	6.5537	0.9877	81.2782
56	0.8451	6.4579	0.8451	6.4579	0.9869	76.3823
57	0.8447	6.4397	0.8447	6.4397	0.9865	74.2392
58	0.8454	6.4672	0.8454	6.4672	0.9870	76.7751
59	0.8443	6.4241	0.8443	6.4241	0.9854	68.6833
60	0.8456	6.4775	0.8456	6.4775	0.9869	76.4633
61	0.8479	6.5766	0.8479	6.5766	0.9876	80.9659
62	0.8474	6.5545	0.8474	6.5545	0.9874	79.0869
63	0.8461	6.4981	0.8461	6.4981	0.9862	72.5239
64	0.8461	6.4968	0.8461	6.4968	0.9868	75.8425
65	0.8457	6.4813	0.8457	6.4813	0.9865	73.9840
66	0.8454	6.4667	0.8454	6.4667	0.9865	74.1329
67	0.8468	6.5285	0.8468	6.5285	0.9871	77.7078
68	0.8478	6.5687	0.8478	6.5687	0.9873	78.8685
69	0.8483	6.5940	0.8483	6.5940	0.9877	81.0779
70	0.8449	6.4494	0.8449	6.4494	0.9861	71.8861
71	0.8466	6.5169	0.8466	6.5169	0.9869	76.1201
72	0.8470	6.5350	0.8470	6.5350	0.9865	73.8421
73	0.8460	6.4918	0.8460	6.4918	0.9869	76.4070
74	0.8463	6.5078	0.8463	6.5078	0.9868	75.5497
75	0.8479	6.5767	0.8479	6.5767	0.9876	80.7595
76	0.8490	6.6237	0.8490	6.6237	0.9878	81.9649
77	0.8341	6.0281	0.8341	6.0281	0.9828	58.2771
78	0.8492	6.6306	0.8492	6.6306	0.9880	83.4109
79	0.8467	6.5238	0.8467	6.5238	0.9870	77.1933
80	0.8455	6.4708	0.8455	6.4708	0.9865	74.1835
81	0.8460	6.4942	0.8460	6.4942	0.9868	75.5340
82	0.8461	6.4977	0.8461	6.4977	0.9868	75.5173
83	0.8421	6.3335	0.8421	6.3335	0.9860	71.2015
84	0.8520	6.7583	0.8520	6.7583	0.9886	88.0225
85	0.8482	6.5856	0.8482	6.5856	0.9875	79.6894
86	0.8472	6.5442	0.8472	6.5442	0.9865	74.3464
87	0.8467	6.5231	0.8467	6.5231	0.9867	75.1878
88	0.8450	6.4536	0.8450	6.4536	0.9864	73.6553
89	0.8467	6.5220	0.8467	6.5220	0.9871	77.2346
90	0.8447	6.4398	0.8447	6.4398	0.9861	72.0027
91	0.8479	6.5744	0.8479	6.5744	0.9875	79.7682
92	0.8480	6.5807	0.8480	6.5807	0.9873	78.9175
93	0.8489	6.6175	0.8489	6.6175	0.9876	80.5606
94	0.8496	6.6477	0.8496	6.6477	0.9872	78.2178
95	0.8500	6.6655	0.8500	6.6655	0.9882	85.0480
96	0.8496	6.6489	0.8496	6.6489	0.9878	82.2258
97	0.8497	6.6532	0.8497	6.6532	0.9877	81.5761
98	0.8488	6.6130	0.8488	6.6130	0.9873	78.4560
99	0.8468	6.5269	0.8468	6.5269	0.9871	77.4503
100	0.8472	6.5441	0.8472	6.5441	0.9868	75.7278
101	0.8467	6.5232	0.8467	6.5232	0.9867	75.0126
102	0.8467	6.5220	0.8467	6.5220	0.9863	73.1753
103	0.8471	6.5396	0.8471	6.5396	0.9870	76.9986
104	0.8471	6.5419	0.8471	6.5419	0.9870	76.9776
105	0.8493	6.6344	0.8493	6.6344	0.9875	80.1546
106	0.8510	6.7110	0.8510	6.7110	0.9878	82.2722
107	0.8485	6.6008	0.8485	6.6008	0.9866	74.6026
108	0.8485	6.6006	0.8485	6.6006	0.9871	77.5734
109	0.8479	6.5758	0.8479	6.5758	0.9870	76.8672
110	0.8493	6.6358	0.8493	6.6358	0.9875	80.1440
111	0.8487	6.6078	0.8487	6.6078	0.9873	78.8979
112	0.8513	6.7257	0.8513	6.7257	0.9879	82.8694
113	0.8500	6.6654	0.8500	6.6654	0.9877	81.4187
114	0.8487	6.6080	0.8487	6.6080	0.9857	69.6880
115	0.8488	6.6150	0.8488	6.6150	0.9870	77.2019
116	0.8486	6.6040	0.8486	6.6040	0.9871	77.2273
117	0.8489	6.6200	0.8489	6.6200	0.9872	77.9165
118	0.8494	6.6402	0.8494	6.6402	0.9871	77.7365
119	0.8507	6.6973	0.8507	6.6973	0.9879	82.3381
120	0.8500	6.6676	0.8500	6.6676	0.9877	81.1273
