1	812.23	516.83	881.54	439.42	0.00	-nan	inf	11372.00	936.51	261.79	4644.05	141.29
2	1213.07	732.84	1026.38	389.58	0.00	-nan	inf	9132.83	2663.65	569.81	37355.80	323.39
3	1184.93	737.04	1035.87	402.07	0.00	-nan	inf	8706.30	2558.41	633.76	42251.07	342.21
4	1160.35	728.55	1062.01	385.12	0.00	-nan	inf	7991.80	2215.69	586.53	55095.97	321.34
5	1181.53	723.69	979.10	342.64	0.00	-nan	inf	7138.37	2055.95	581.02	46898.12	322.76
6	1142.30	741.81	1035.34	369.13	0.00	-nan	inf	7401.92	2037.83	607.11	62765.47	332.52
7	1173.76	727.95	963.06	385.36	0.00	-nan	inf	6206.36	2106.13	613.82	38564.23	317.74
8	1131.22	698.15	889.63	388.48	0.00	-nan	inf	5581.84	1857.73	561.15	39253.98	308.56
9	1089.74	698.17	848.30	336.23	0.00	-nan	inf	5296.18	1807.70	553.48	48196.92	295.65
10	1137.78	698.50	867.47	359.56	0.00	-nan	inf	5314.60	2611.74	597.32	50328.38	311.05
11	1074.28	693.26	816.39	383.62	0.00	-nan	inf	4835.47	1955.88	601.38	52314.00	300.87
12	1102.19	703.98	820.96	402.53	0.00	-nan	inf	4781.99	1732.34	614.89	47125.23	303.07
13	1128.62	715.04	901.47	347.24	0.00	-nan	inf	4984.82	1870.92	648.97	52731.07	320.32
14	1090.91	686.27	801.19	394.90	0.00	-nan	inf	4274.92	1738.24	592.26	51981.49	300.77
15	1238.57	744.96	1010.31	329.06	0.00	-nan	inf	5240.62	1743.62	626.22	48583.09	328.13
16	1211.41	751.64	933.37	375.70	0.00	-nan	inf	4813.39	1733.65	644.68	48874.83	327.47
17	1099.92	690.99	794.36	349.18	0.00	-nan	inf	4094.14	1658.86	632.48	46101.49	305.92
18	1096.01	683.12	783.70	372.65	0.00	-nan	inf	3937.35	1567.01	581.49	43952.86	297.49
19	1115.21	704.07	844.04	348.77	0.00	-nan	inf	4022.95	1600.69	594.26	46196.59	307.06
20	1011.33	671.00	752.61	367.27	0.00	-nan	inf	3698.81	1729.21	598.20	47253.89	291.67
21	1083.31	663.49	764.67	351.41	0.00	-nan	inf	3436.52	1346.00	534.12	34319.06	274.05
22	991.11	634.68	619.85	430.12	0.00	-nan	inf	2563.31	1177.76	542.37	40114.24	258.15
23	979.11	637.26	661.43	414.19	0.00	-nan	inf	2695.89	1427.54	565.56	41624.89	273.13
24	940.64	620.24	601.38	377.20	0.00	-nan	inf	2346.88	1277.59	594.17	39235.51	264.23
25	994.04	641.67	617.04	327.48	0.00	-nan	inf	2386.25	1467.58	543.85	40176.38	261.44
26	970.89	656.28	589.78	369.38	0.00	-nan	inf	2232.89	1415.21	567.19	42126.17	260.09
27	950.77	626.94	548.81	402.72	0.00	-nan	inf	2034.79	1164.51	641.10	46852.60	260.32
28	935.34	687.24	592.27	367.71	0.00	-nan	inf	2204.25	1201.81	544.64	37983.43	257.81
29	984.48	636.09	564.14	385.05	0.00	-nan	inf	1987.59	1146.57	607.04	46638.57	263.67
30	953.61	626.84	526.96	380.43	0.00	-nan	inf	1912.63	1086.13	595.76	48080.87	256.11
31	914.09	593.32	498.91	320.34	0.00	-nan	inf	1799.11	1095.83	570.26	48529.28	243.35
32	924.62	611.32	532.38	405.15	0.00	-nan	inf	1892.45	1240.79	563.86	49935.45	252.62
33	986.97	638.50	519.30	343.54	0.00	-nan	inf	1760.88	1079.35	678.85	51103.59	264.70
34	924.15	591.99	471.29	410.49	0.00	-nan	inf	1621.15	1090.81	559.33	49646.92	236.69
35	937.34	595.10	476.97	395.06	0.00	-nan	inf	1643.54	1254.50	595.77	49708.07	243.99
36	887.18	608.51	472.80	406.80	0.00	-nan	inf	1579.80	1137.49	569.74	55056.69	240.16
37	941.32	614.03	474.47	435.57	0.00	-nan	inf	1558.51	1155.24	568.81	51015.71	239.94
38	884.28	559.78	425.02	316.36	0.00	-nan	inf	1395.93	981.66	526.23	49591.04	220.16
39	836.59	553.82	428.29	355.26	0.00	-nan	inf	1386.67	1109.01	553.41	54085.75	226.02
40	848.27	555.06	409.82	392.15	0.00	-nan	inf	1312.71	1009.71	583.04	60826.28	224.23
41	856.54	561.16	402.08	423.58	0.00	-nan	inf	1296.81	1054.49	583.16	51311.05	221.86
42	896.60	610.60	422.02	399.09	0.00	-nan	inf	1332.16	1088.90	660.95	44916.16	241.19
43	843.99	542.58	390.82	373.50	0.00	-nan	inf	1264.38	986.98	539.68	45011.02	213.60
44	869.23	571.24	417.97	365.82	0.00	-nan	inf	1321.37	979.26	549.70	52155.91	220.19
45	901.86	613.11	422.49	357.26	0.00	-nan	inf	1361.65	1024.64	539.36	44881.83	222.19
46	859.48	734.90	452.76	353.60	0.00	-nan	inf	1425.69	1001.57	580.18	52785.65	233.48
47	875.33	584.90	412.82	402.76	0.00	-nan	inf	1307.34	1143.08	605.67	56580.60	229.32
48	813.20	550.04	400.77	362.68	0.00	-nan	inf	1249.64	967.18	557.83	47487.16	219.49
49	781.90	523.78	383.43	356.69	0.00	-nan	inf	1200.92	1000.93	563.61	49871.69	213.84
50	768.39	528.87	368.92	369.94	0.00	-nan	inf	1151.54	979.77	577.16	52828.94	210.73
51	776.04	558.97	393.58	365.91	0.00	-nan	inf	1221.39	955.06	547.13	45870.58	214.76
52	791.06	543.71	373.76	362.03	0.00	-nan	inf	1161.57	1021.80	567.28	44275.31	211.61
53	803.43	564.55	379.37	350.33	0.00	-nan	inf	1167.68	991.16	564.64	59519.25	213.28
54	795.90	520.14	363.71	371.59	0.00	-nan	inf	1121.94	949.69	550.35	52650.84	206.31
55	799.06	530.07	366.82	328.55	0.00	-nan	inf	1138.93	990.61	545.68	55713.78	207.56
56	834.68	529.94	382.68	336.11	0.00	-nan	inf	1186.89	987.52	549.31	46322.09	211.72
57	785.22	543.69	367.35	330.04	0.00	-nan	inf	1129.12	984.55	534.45	48150.04	205.54
58	785.63	525.14	363.96	358.09	0.00	-nan	inf	1122.26	961.23	572.04	55333.04	207.39
59	777.70	520.00	351.46	341.86	0.00	-nan	inf	1064.52	886.98	552.57	44084.72	203.52
60	806.25	536.06	362.48	333.47	0.00	-nan	inf	1108.45	958.20	549.43	49750.05	205.45
61	776.30	525.52	357.42	332.50	0.00	-nan	inf	1098.98	932.00	569.34	44483.38	207.29
62	789.46	524.41	371.64	359.41	0.00	-nan	inf	1123.35	997.00	573.90	49090.31	209.81
63	769.44	501.31	344.73	368.53	0.00	-nan	inf	1038.46	938.79	540.86	48317.30	200.31
64	803.11	507.36	338.36	352.22	0.00	-nan	inf	1033.32	920.01	547.08	51621.04	197.05
65	780.25	541.54	353.34	340.02	0.00	-nan	inf	1075.43	910.31	558.36	51393.55	204.39
66	801.47	599.48	386.38	339.26	0.00	-nan	inf	1165.38	939.14	575.58	44843.16	215.28
67	763.92	504.74	338.59	374.98	0.00	-nan	inf	1033.17	956.58	570.64	48575.51	200.46
68	795.56	512.64	345.89	364.48	0.00	-nan	inf	1046.82	953.89	544.60	51536.08	200.92
69	769.96	504.82	335.05	344.03	0.00	-nan	inf	1011.44	927.65	557.07	45658.08	197.07
70	789.18	513.90	340.87	353.56	0.00	-nan	inf	1026.30	904.51	547.59	43510.17	199.00
71	764.54	522.49	339.04	364.30	0.00	-nan	inf	1020.45	909.31	534.65	44416.43	197.43
72	804.25	539.89	357.85	345.38	0.00	-nan	inf	1062.36	910.37	548.38	47124.08	204.41
73	770.24	500.63	330.42	336.97	0.00	-nan	inf	985.91	878.85	568.65	42737.43	196.48
74	766.77	511.30	329.92	356.01	0.00	-nan	inf	990.16	844.96	537.87	47194.52	196.20
75	793.62	538.76	344.99	389.49	0.00	-nan	inf	1036.76	898.23	557.33	51938.28	202.41
76	776.05	512.62	332.04	349.60	0.00	-nan	inf	995.05	941.34	556.57	50417.36	197.22
77	804.69	523.06	349.48	342.71	0.00	-nan	inf	1060.89	915.48	532.84	33310.13	199.86
78	774.60	528.89	346.94	363.07	0.00	-nan	inf	1038.75	891.30	580.46	46976.83	204.83
79	771.91	496.81	332.14	349.90	0.00	-nan	inf	991.24	912.48	519.61	51415.75	193.96
80	747.93	488.53	321.63	358.16	0.00	-nan	inf	945.56	883.37	533.42	47427.25	191.61
81	735.57	527.78	323.01	331.45	0.00	-nan	inf	961.97	880.99	550.36	41728.79	194.17
82	787.00	507.79	327.32	319.00	0.00	-nan	inf	979.50	898.90	538.44	54328.99	192.46
83	764.36	511.97	320.27	370.79	0.00	-nan	inf	954.87	870.66	529.40	47784.32	189.60
84	780.22	505.10	320.33	337.14	0.00	-nan	inf	938.05	883.12	578.17	57965.60	193.94
85	750.23	493.37	314.55	337.03	0.00	-nan	inf	921.08	900.67	541.77	52510.58	189.03
86	772.88	512.77	325.86	350.22	0.00	-nan	inf	972.87	954.07	564.09	49407.67	195.54
87	763.10	485.44	311.49	314.13	0.00	-nan	inf	929.92	883.65	520.41	46165.77	185.69
88	785.74	504.92	323.04	323.36	0.00	-nan	inf	941.49	868.67	550.67	44048.28	193.61
89	765.81	493.77	309.38	363.87	0.00	-nan	inf	910.43	834.63	544.05	46001.52	181.10
90	778.69	506.39	320.30	351.49	0.00	-nan	inf	946.50	888.66	546.33	55830.79	191.15
91	757.69	506.88	306.59	329.88	0.00	-nan	inf	898.28	874.66	532.71	47502.60	184.93
92	810.10	520.48	323.01	355.21	0.00	-nan	inf	958.43	932.81	569.63	51136.66	195.19
93	776.50	510.19	324.46	346.81	0.00	-nan	inf	955.72	911.36	561.54	46769.39	195.29
94	771.83	533.62	318.42	335.77	0.00	-nan	inf	941.03	902.88	554.83	45109.52	191.65
95	756.13	499.80	305.39	370.43	0.00	-nan	inf	903.19	838.06	540.43	46660.21	185.32
96	776.64	517.71	319.33	332.64	0.00	-nan	inf	950.84	841.10	569.48	50634.36	193.79
97	778.39	511.03	327.87	366.34	0.00	-nan	inf	959.15	858.93	560.00	51295.93	195.62
98	756.42	499.72	302.30	328.74	0.00	-nan	inf	880.23	858.27	554.76	54361.67	185.31
99	761.62	514.20	314.18	348.96	0.00	-nan	inf	921.25	879.75	554.16	43622.56	191.87
100	746.23	497.65	302.03	308.84	0.00	-nan	inf	888.20	861.88	543.90	45193.33	184.36
101	745.18	501.07	302.36	349.09	0.00	-nan	inf	872.81	879.05	525.20	48827.47	183.53
102	759.03	509.67	300.34	364.86	0.00	-nan	inf	875.31	811.86	543.88	50286.94	184.09
103	754.44	529.14	311.22	350.04	0.00	-nan	inf	917.14	818.34	562.50	45392.20	191.21
104	757.98	493.28	301.02	336.72	0.00	-nan	inf	870.16	841.54	535.01	52599.09	183.79
105	752.20	481.18	300.89	343.03	0.00	-nan	inf	866.56	799.30	532.39	58426.51	182.25
106	752.34	517.06	309.79	329.90	0.00	-nan	inf	911.95	869.74	550.94	50420.27	188.91
107	750.68	486.59	300.10	348.58	0.00	-nan	inf	871.50	829.63	523.79	44027.52	179.60
108	758.00	490.92	299.48	330.60	0.00	-nan	inf	861.84	837.03	554.27	57361.87	185.17
109	755.75	482.60	294.68	334.90	0.00	-nan	inf	856.52	838.68	520.23	46106.06	179.80
110	765.60	496.59	299.50	334.94	0.00	-nan	inf	878.00	816.20	548.18	49657.06	183.49
111	756.80	490.08	294.31	345.50	0.00	-nan	inf	860.57	817.50	551.02	53970.01	182.26
112	785.63	494.74	296.47	340.94	0.00	-nan	inf	858.25	837.92	538.08	52219.02	182.21
113	743.22	471.97	295.69	337.85	0.00	-nan	inf	862.42	858.39	539.64	51475.57	182.60
114	733.62	492.09	294.59	327.72	0.00	-nan	inf	869.44	807.02	521.50	51370.04	181.05
115	747.12	483.88	292.96	323.37	0.00	-nan	inf	852.21	821.53	546.70	46804.45	181.93
116	740.10	484.54	289.52	337.32	0.00	-nan	inf	836.70	817.00	533.95	45687.97	179.93
117	753.60	489.32	286.35	348.12	0.00	-nan	inf	842.27	806.92	542.23	58753.76	178.24
118	764.80	485.38	287.91	339.50	0.00	-nan	inf	832.35	807.22	522.18	49702.42	177.07
119	734.52	495.46	289.36	360.40	0.00	-nan	inf	834.55	818.86	547.86	52732.32	180.01
120	743.05	487.48	289.90	353.90	0.00	-nan	inf	846.49	825.03	547.94	48487.05	180.32
