1	652.53	479.93	1487.12	504.44	0.00	-nan	inf	107285.31	905.21	195.34	792.99	165.36
2	1235.39	809.49	37621.63	1030.93	0.00	-nan	inf	1324854.39	21752.15	130.07	4532.39	125.77
3	1309.59	801.99	19804.99	445.12	0.00	-nan	inf	260971.13	622387.15	150.00	513332.51	140.90
4	1142.01	714.36	1176.11	486.36	0.00	-nan	inf	12004.94	953.22	436.02	19187.57	268.81
5	1275.64	789.78	21058.05	703.10	0.00	-nan	inf	310951.73	391657.42	150.28	91473.71	141.35
6	1075.98	695.80	1205.69	544.83	0.00	-nan	inf	7546.52	847.29	450.80	20174.25	262.99
7	1071.31	697.16	1040.23	501.89	0.00	-nan	inf	9100.89	852.54	414.89	17428.11	257.26
8	1101.35	697.45	1040.17	494.20	0.00	-nan	inf	8673.38	927.89	428.18	21256.54	257.67
9	1076.50	699.19	1055.45	499.77	0.00	-nan	inf	7440.46	958.70	437.61	23094.23	257.94
10	1043.55	644.95	922.85	459.45	0.00	-nan	inf	6862.56	683.75	388.06	10325.72	237.81
11	1110.41	679.53	1134.77	545.92	0.00	-nan	inf	8425.14	990.53	419.55	23729.14	255.46
12	1067.60	683.04	918.62	483.27	0.00	-nan	inf	5924.20	882.83	418.37	31715.65	246.24
13	1043.15	666.29	927.33	512.39	0.00	-nan	inf	6154.14	825.59	410.63	18002.60	245.86
14	1043.04	667.77	884.76	504.26	0.00	-nan	inf	5593.05	830.73	377.46	21288.82	227.72
15	1046.05	661.89	1043.59	503.93	0.00	-nan	inf	6683.19	844.73	396.97	15868.74	248.20
16	1086.25	675.64	911.58	496.39	0.00	-nan	inf	5377.38	850.40	420.87	22455.93	248.76
17	1008.74	674.10	871.60	471.93	0.00	-nan	inf	5002.55	883.32	416.61	29099.82	241.33
18	1043.87	652.62	816.37	467.19	0.00	-nan	inf	4556.07	892.05	420.30	31854.72	239.16
19	1024.00	646.29	861.10	476.55	0.00	-nan	inf	5112.10	820.72	401.12	19628.30	234.01
20	1069.37	665.65	892.51	486.36	0.00	-nan	inf	4803.53	826.55	426.71	21099.59	243.84
21	1072.95	672.13	827.86	486.98	0.00	-nan	inf	4236.36	790.01	425.87	20670.34	237.45
22	1056.75	672.29	825.10	469.93	0.00	-nan	inf	4332.78	862.32	405.81	26057.81	234.21
23	1105.95	689.93	925.90	521.57	0.00	-nan	inf	4961.73	841.87	452.66	23248.53	250.36
24	1090.87	678.29	898.29	473.10	0.00	-nan	inf	4472.25	881.41	433.68	30770.80	242.19
25	1032.29	655.24	765.86	455.25	0.00	-nan	inf	3760.43	800.36	426.55	30623.77	236.39
26	962.69	619.44	778.50	454.80	0.00	-nan	inf	4054.67	702.56	388.17	13358.79	224.72
27	987.32	646.11	740.32	453.06	0.00	-nan	inf	3692.10	766.60	397.12	29217.52	220.95
28	1004.41	639.22	731.07	498.29	0.00	-nan	inf	3623.57	793.80	409.61	26725.19	228.85
29	979.02	644.06	793.75	474.76	0.00	-nan	inf	3910.25	804.75	390.32	25254.26	223.86
30	1043.76	663.23	769.85	477.40	0.00	-nan	inf	3598.91	785.10	408.48	24835.48	232.32
31	1002.16	645.14	780.72	487.77	0.00	-nan	inf	3625.87	789.43	405.35	26515.52	227.11
32	1039.10	662.49	761.00	446.43	0.00	-nan	inf	3420.06	793.84	417.95	24276.64	233.87
33	982.37	629.77	765.23	496.28	0.00	-nan	inf	3451.40	762.85	406.92	26518.79	227.41
34	1042.29	658.77	798.08	482.83	0.00	-nan	inf	3566.30	767.77	414.94	24098.19	235.60
35	923.83	612.79	656.69	437.52	0.00	-nan	inf	3006.11	682.16	376.79	20707.25	209.42
36	972.78	620.47	691.79	441.90	0.00	-nan	inf	3115.03	720.95	388.41	22207.77	217.94
37	914.69	596.92	608.27	437.23	0.00	-nan	inf	2578.26	610.67	369.79	15502.89	205.25
38	977.49	620.96	655.82	444.93	0.00	-nan	inf	2852.62	722.26	389.06	24137.34	214.81
39	980.17	625.01	694.01	455.23	0.00	-nan	inf	2981.11	709.35	413.33	24391.60	222.08
40	986.68	639.46	684.73	468.87	0.00	-nan	inf	2856.07	702.77	396.95	24223.33	219.80
41	976.13	616.20	657.96	456.04	0.00	-nan	inf	2666.37	657.14	379.82	17244.18	212.33
42	937.42	634.18	653.88	442.52	0.00	-nan	inf	2686.95	698.04	409.56	24935.01	217.70
43	948.09	607.02	636.47	448.08	0.00	-nan	inf	2568.47	686.81	408.56	32333.87	214.57
44	939.69	612.09	616.10	448.55	0.00	-nan	inf	2460.54	680.89	417.31	27174.51	214.49
45	902.81	608.64	622.26	473.78	0.00	-nan	inf	2495.72	663.10	387.29	22298.35	211.05
46	924.60	606.09	608.11	474.26	0.00	-nan	inf	2292.58	654.15	396.05	31312.61	207.97
47	967.58	605.80	625.37	478.81	0.00	-nan	inf	2530.56	646.04	383.59	26130.29	207.54
48	957.65	627.21	623.41	471.47	0.00	-nan	inf	2386.32	689.62	404.49	29402.74	214.86
49	946.55	615.00	626.08	530.86	0.00	-nan	inf	2358.62	637.32	404.16	25631.45	212.00
50	890.38	598.81	587.11	450.29	0.00	-nan	inf	2232.40	645.02	403.33	28375.37	210.06
51	997.69	668.31	669.68	446.24	0.00	-nan	inf	2470.98	671.60	403.62	28113.27	218.38
52	941.74	606.78	572.98	446.50	0.00	-nan	inf	2092.54	628.91	414.94	28208.02	209.43
53	897.14	599.14	558.84	459.21	0.00	-nan	inf	2026.21	632.14	383.37	23403.54	201.62
54	908.25	598.70	565.74	446.35	0.00	-nan	inf	2025.70	632.75	400.55	29318.44	209.02
55	884.66	582.91	545.74	468.32	0.00	-nan	inf	1885.16	611.62	380.85	23336.34	199.62
56	893.17	585.87	539.98	444.74	0.00	-nan	inf	1938.33	585.68	377.58	17434.45	197.02
57	914.14	596.32	557.84	438.95	0.00	-nan	inf	1950.08	618.29	386.94	33303.09	203.39
58	911.38	593.30	539.96	446.11	0.00	-nan	inf	1876.90	632.19	406.62	31418.08	203.47
59	914.87	586.00	519.43	471.08	0.00	-nan	inf	1772.17	594.74	419.89	29738.17	202.99
60	893.15	588.36	523.42	452.63	0.00	-nan	inf	1835.52	597.49	384.92	25470.94	198.48
61	912.09	629.38	570.12	434.45	0.00	-nan	inf	2032.95	630.41	383.01	28197.15	202.68
62	890.62	588.33	506.93	460.59	0.00	-nan	inf	1667.78	591.51	401.46	28377.56	200.19
63	877.93	587.76	518.12	511.05	0.00	-nan	inf	1695.90	600.33	384.33	32433.73	197.41
64	886.02	589.07	505.14	460.25	0.00	-nan	inf	1646.45	579.16	401.16	26167.58	198.58
65	845.18	568.99	453.23	436.33	0.00	-nan	inf	1491.59	567.43	398.66	26229.26	188.45
66	867.85	561.95	490.90	463.64	0.00	-nan	inf	1576.42	581.55	371.48	27961.66	189.71
67	875.88	571.95	454.93	438.22	0.00	-nan	inf	1476.79	569.66	391.16	27826.48	192.43
68	839.22	560.33	469.56	414.83	0.00	-nan	inf	1541.29	552.46	356.66	24284.51	183.47
69	872.90	554.52	446.23	426.02	0.00	-nan	inf	1404.07	551.92	381.84	24867.50	185.37
70	865.41	569.34	491.35	517.79	0.00	-nan	inf	1591.11	590.29	378.17	27449.32	194.52
71	861.98	566.14	441.37	418.65	0.00	-nan	inf	1394.01	561.13	378.78	36513.52	186.02
72	860.97	565.70	452.78	443.80	0.00	-nan	inf	1409.17	550.17	377.24	29352.07	187.51
73	839.03	542.82	419.27	448.14	0.00	-nan	inf	1290.00	544.03	392.49	32914.12	182.80
74	851.71	583.80	429.73	456.44	0.00	-nan	inf	1333.83	536.85	378.55	23249.63	182.27
75	842.61	545.75	430.43	441.07	0.00	-nan	inf	1350.10	529.03	372.96	24291.42	181.74
76	829.54	565.92	417.15	422.55	0.00	-nan	inf	1270.12	538.04	390.67	32665.87	181.58
77	843.57	564.39	407.12	426.84	0.00	-nan	inf	1247.02	541.51	383.66	26112.58	179.39
78	840.66	543.67	417.53	432.23	0.00	-nan	inf	1299.57	528.63	385.83	30541.49	183.10
79	868.27	549.19	399.04	427.15	0.00	-nan	inf	1191.97	518.04	388.38	26037.96	179.72
80	823.20	557.36	393.64	422.61	0.00	-nan	inf	1188.60	500.21	376.44	18106.82	176.15
81	831.10	544.44	390.47	428.59	0.00	-nan	inf	1178.63	500.70	348.16	12830.78	173.19
82	836.97	540.12	412.96	440.16	0.00	-nan	inf	1250.06	520.42	366.38	21523.98	178.70
83	832.68	530.53	386.53	448.11	0.00	-nan	inf	1158.51	511.17	364.37	24547.76	173.25
84	856.73	542.43	398.92	436.19	0.00	-nan	inf	1170.41	538.88	381.49	30134.13	178.39
85	849.04	550.88	372.47	434.06	0.00	-nan	inf	1096.84	512.08	381.26	30250.46	173.99
86	866.58	556.03	394.35	422.97	0.00	-nan	inf	1167.64	534.45	380.91	31675.08	176.49
87	819.60	534.59	389.20	424.75	0.00	-nan	inf	1168.43	520.32	371.79	24014.66	175.31
88	821.79	535.43	366.73	443.21	0.00	-nan	inf	1068.49	496.17	359.58	21518.02	168.36
89	860.96	560.10	384.33	411.62	0.00	-nan	inf	1125.99	525.22	376.35	31018.20	176.70
90	824.26	550.60	363.21	420.90	0.00	-nan	inf	1050.60	501.30	368.91	27101.43	171.80
91	830.54	544.74	369.80	425.20	0.00	-nan	inf	1089.44	513.88	366.60	25994.51	168.81
92	815.24	535.94	341.85	422.08	0.00	-nan	inf	994.95	491.24	373.62	31161.48	165.28
93	811.99	523.16	346.03	424.45	0.00	-nan	inf	984.20	500.52	367.70	27676.26	166.09
94	801.74	527.94	358.70	446.15	0.00	-nan	inf	1032.95	486.76	366.89	21923.47	166.07
95	785.10	531.06	338.70	420.78	0.00	-nan	inf	987.71	454.48	346.16	14997.37	160.73
96	805.75	532.46	334.10	428.73	0.00	-nan	inf	939.34	481.94	358.52	30383.98	162.35
97	823.41	544.77	341.33	431.70	0.00	-nan	inf	975.00	482.23	361.59	22768.03	165.36
98	816.33	545.94	349.22	418.72	0.00	-nan	inf	1011.61	500.32	356.51	31492.29	165.34
99	791.53	518.73	319.17	427.82	0.00	-nan	inf	890.06	473.46	364.79	28956.32	160.59
100	835.44	537.08	328.58	443.31	0.00	-nan	inf	931.19	489.64	377.55	26007.25	164.43
