1	4.464	4.291	5.834	1.883	5.128	0.377	0.000	14.335	3.531	16.933
2	1.459	2.267	3.460	0.074	0.717	0.663	0.000	21.532	0.618	22.269
3	1.422	2.139	3.492	0.141	0.009	0.001	0.000	18.672	0.005	19.877
4	4.455	2.452	3.921	2.381	2.667	4.630	0.000	6.423	0.146	10.419
5	1.489	2.196	3.546	0.133	0.031	0.012	0.000	18.637	0.031	19.814
6	4.481	2.611	4.038	2.330	2.393	4.770	0.000	6.233	0.139	10.683
7	4.466	2.623	4.031	2.702	2.551	4.752	0.000	6.774	0.161	10.924
8	4.481	2.552	4.031	2.703	2.575	4.755	0.000	6.565	0.132	10.910
9	4.485	2.612	4.021	2.664	2.547	4.764	0.000	6.425	0.122	10.900
10	4.506	2.694	4.359	3.046	2.887	5.415	0.000	7.244	0.272	11.821
11	4.508	2.532	4.137	2.477	2.310	4.857	0.000	6.701	0.118	11.005
12	4.465	2.634	4.117	3.062	2.652	4.859	0.000	6.722	0.089	11.421
13	4.496	2.696	4.222	3.033	2.499	4.931	0.000	6.850	0.156	11.441
14	4.488	2.697	4.213	3.180	2.616	5.399	0.000	7.453	0.132	12.354
15	4.478	2.691	4.253	2.697	2.549	4.886	0.000	7.091	0.177	11.342
16	4.468	2.594	4.170	3.091	2.577	5.004	0.000	6.695	0.125	11.327
17	4.496	2.793	4.180	3.233	2.675	4.956	0.000	6.764	0.097	11.676
18	4.483	2.699	4.318	3.452	2.697	5.018	0.000	6.705	0.088	11.783
19	4.501	2.751	4.358	3.271	2.775	5.246	0.000	7.022	0.143	12.036
20	4.492	2.635	4.233	3.157	2.675	5.095	0.000	6.603	0.134	11.556
21	4.492	2.635	4.206	3.415	2.643	5.313	0.000	6.639	0.137	11.906
22	4.499	2.676	4.206	3.427	2.730	5.253	0.000	6.968	0.109	12.073
23	4.492	2.544	4.078	3.039	2.471	5.084	0.000	6.215	0.121	11.238
24	4.467	2.579	4.148	3.132	2.671	5.241	0.000	6.488	0.091	11.618
25	4.471	2.726	4.294	3.674	2.771	5.201	0.000	6.596	0.092	11.903
26	4.453	2.923	4.543	3.615	2.828	5.415	0.000	7.250	0.211	12.523
27	4.477	2.852	4.357	3.803	2.937	5.755	0.000	7.090	0.096	12.742
28	4.478	2.804	4.406	3.853	2.625	5.429	0.000	6.877	0.105	12.308
29	4.469	2.878	4.375	3.550	2.772	5.623	0.000	7.220	0.112	12.588
30	4.470	2.699	4.248	3.660	2.664	5.319	0.000	6.897	0.113	12.127
31	4.475	2.812	4.368	3.610	2.689	5.554	0.000	6.952	0.106	12.409
32	4.483	2.712	4.254	3.703	2.831	5.224	0.000	6.743	0.116	12.050
33	4.488	2.868	4.474	3.682	2.631	5.673	0.000	6.925	0.106	12.391
34	4.487	2.705	4.279	3.532	2.656	5.328	0.000	6.794	0.117	11.966
35	4.489	3.061	4.614	4.306	3.091	6.111	0.000	7.504	0.137	13.501
36	4.487	2.908	4.559	4.089	2.984	5.803	0.000	7.283	0.127	12.980
37	4.482	3.094	4.740	4.652	2.936	5.919	0.000	7.652	0.183	13.786
38	4.475	2.896	4.559	4.317	2.964	5.873	0.000	7.277	0.117	13.179
39	4.491	2.889	4.531	4.080	2.841	5.636	0.000	6.851	0.116	12.751
40	4.501	2.871	4.430	4.137	2.813	5.795	0.000	7.136	0.117	12.888
41	4.507	2.913	4.615	4.322	2.968	6.000	0.000	7.486	0.165	13.392
42	4.541	3.032	4.482	4.347	2.887	5.707	0.000	6.940	0.114	13.056
43	4.517	2.999	4.684	4.467	2.880	5.770	0.000	6.959	0.088	13.250
44	4.498	3.026	4.646	4.616	2.869	5.885	0.000	6.815	0.105	13.259
45	4.508	3.150	4.673	4.571	2.755	6.008	0.000	7.344	0.128	13.476
46	4.513	3.076	4.693	4.677	2.738	6.004	0.000	7.182	0.091	13.677
47	4.504	2.940	4.696	4.549	2.676	6.019	0.000	7.416	0.109	13.707
48	4.518	2.971	4.536	4.564	2.718	5.780	0.000	7.034	0.097	13.242
49	4.498	3.007	4.627	4.545	2.442	6.042	0.000	7.041	0.111	13.424
50	4.534	3.200	4.758	4.853	2.884	6.082	0.000	7.064	0.100	13.564
51	4.531	2.857	4.265	4.256	2.911	5.802	0.000	7.062	0.101	13.052
52	4.504	3.028	4.699	4.977	2.884	6.049	0.000	6.872	0.101	13.615
53	4.516	3.180	4.762	5.106	2.858	6.233	0.000	7.443	0.122	14.151
54	4.524	3.143	4.768	5.045	2.892	6.058	0.000	7.126	0.097	13.656
55	4.514	3.233	4.907	5.242	2.862	6.423	0.000	7.511	0.123	14.330
56	4.566	3.238	4.937	5.356	3.013	6.337	0.000	7.660	0.166	14.680
57	4.592	3.170	4.859	5.194	2.984	6.224	0.000	7.488	0.087	14.245
58	4.590	3.179	4.884	5.366	2.907	6.154	0.000	7.126	0.092	14.241
59	4.595	3.167	4.945	5.578	2.749	6.281	0.000	6.901	0.097	14.274
60	4.616	3.269	4.962	5.577	3.015	6.460	0.000	7.584	0.115	14.708
61	4.667	3.202	4.640	5.122	3.090	6.261	0.000	7.625	0.104	14.408
62	4.616	3.279	4.963	5.760	2.855	6.402	0.000	7.274	0.103	14.586
63	4.620	3.328	4.970	5.638	2.633	6.546	0.000	7.601	0.090	14.799
64	4.616	3.299	4.962	5.787	2.874	6.500	0.000	7.287	0.112	14.720
65	4.617	3.459	5.138	6.450	3.001	6.582	0.000	7.333	0.111	15.513
66	4.605	3.370	5.204	5.958	2.917	6.799	0.000	7.873	0.105	15.417
67	4.633	3.341	5.117	6.433	3.000	6.453	0.000	7.482	0.105	15.208
68	4.591	3.488	5.224	6.234	3.333	6.973	0.000	8.207	0.121	15.954
69	4.624	3.366	5.299	6.585	3.113	6.764	0.000	7.695	0.118	15.852
70	4.659	3.402	5.171	5.992	2.561	6.433	0.000	7.785	0.107	15.135
71	4.641	3.416	5.201	6.671	3.132	6.583	0.000	7.773	0.081	15.828
72	4.672	3.420	5.205	6.503	2.952	6.668	0.000	7.805	0.100	15.703
73	4.649	3.509	5.424	7.023	2.923	6.796	0.000	7.502	0.089	16.107
74	4.679	3.463	5.053	6.864	2.937	6.846	0.000	7.792	0.127	16.184
75	4.625	3.504	5.410	6.860	3.166	7.150	0.000	7.917	0.122	16.247
76	4.647	3.560	5.218	7.079	3.120	6.913	0.000	7.559	0.090	16.263
77	4.648	3.501	5.233	7.255	3.185	7.054	0.000	7.698	0.113	16.464
78	4.649	3.513	5.433	7.074	3.041	6.685	0.000	7.655	0.097	16.131
79	4.644	3.402	5.378	7.402	3.073	6.835	0.000	7.605	0.113	16.434
80	4.718	3.642	5.379	7.616	3.222	6.963	0.000	7.964	0.166	17.020
81	4.900	3.698	5.646	7.872	3.297	7.103	0.000	8.829	0.240	17.748
82	4.837	3.653	5.660	7.403	3.159	7.305	0.000	8.345	0.142	17.108
83	4.780	3.678	5.772	7.923	3.031	7.382	0.000	8.405	0.125	17.676
84	4.800	3.575	5.646	7.678	3.087	7.122	0.000	8.029	0.102	17.169
85	4.823	3.611	5.566	8.232	3.107	7.205	0.000	8.042	0.101	17.622
86	4.837	3.538	5.514	7.775	3.167	7.196	0.000	8.049	0.097	17.373
87	4.813	3.757	5.760	7.912	3.201	7.318	0.000	8.283	0.128	17.566
88	4.853	3.752	5.758	8.407	3.165	7.626	0.000	8.574	0.143	18.312
89	4.877	3.581	5.505	8.023	3.291	7.271	0.000	8.193	0.099	17.450
90	4.861	3.741	5.601	8.491	3.212	7.247	0.000	8.360	0.114	17.951
91	4.862	3.725	5.679	8.366	3.309	7.590	0.000	8.439	0.119	18.326
92	4.873	3.795	5.773	9.050	3.203	7.542	0.000	8.281	0.099	18.719
93	4.879	3.810	5.913	8.940	3.247	7.574	0.000	8.413	0.112	18.626
94	4.924	3.898	5.919	8.712	3.147	7.572	0.000	8.518	0.143	18.818
95	4.905	3.968	5.866	9.197	3.403	8.049	0.000	8.999	0.208	19.381
96	4.887	3.867	5.851	9.326	3.185	7.627	0.000	8.690	0.103	19.190
97	4.923	3.784	5.720	9.129	3.166	7.499	0.000	8.618	0.137	18.845
98	4.927	3.819	5.711	8.928	3.318	7.596	0.000	8.745	0.099	18.857
99	4.911	3.939	6.011	9.769	3.191	7.795	0.000	8.547	0.108	19.415
100	4.876	3.733	5.807	9.492	3.100	7.533	0.000	8.261	0.120	18.968
