1	54215	54114	101	0	0	0	0
2	54193	26486	27707	0	0	25441	0
3	54231	26477	27653	101	0	25831	0
4	54226	26403	27575	248	0	25791	0
5	54227	26394	27524	309	0	25777	0
6	54205	26396	27456	353	0	25902	0
7	54209	26350	27404	455	0	25852	0
8	54205	26303	27364	538	0	25813	0
9	54204	26321	27329	554	0	25849	0
10	54239	26361	27276	602	0	25743	0
11	54758	33418	21022	318	0	28683	0
12	54731	26564	22987	5180	0	25980	0
13	54718	26520	22981	5217	0	26055	0
14	54721	26509	22945	5267	0	26064	0
15	54736	26725	22803	5208	0	26206	0
16	54749	26619	22766	5364	0	26072	0
17	54739	26576	22739	5424	0	26083	0
18	54749	26580	22703	5466	0	26107	0
19	54742	26582	22682	5478	0	26105	0
20	54751	26664	22617	5470	0	26155	0
21	54739	26486	22663	5590	0	26098	0
22	54751	26691	22517	5543	0	26290	0
23	54746	26491	22535	5720	0	26130	0
24	54730	26558	22480	5692	0	26159	0
25	54750	26563	22451	5736	0	26169	0
26	54788	26604	22406	5778	0	26127	0
27	54748	26537	22415	5796	0	26173	0
28	54764	26595	22388	5781	0	26211	0
29	54830	26735	22300	5795	0	26210	0
30	54788	26672	22246	5870	0	26281	0
31	54761	26582	22251	5928	0	26206	0
32	54768	26515	22254	5999	0	26100	0
33	54779	26651	22192	5936	0	26282	0
34	54767	26533	22172	6062	0	26167	0
35	54776	26528	22140	6108	0	26179	0
36	54783	26557	22134	6092	0	26144	0
37	54793	26615	22075	6103	0	26143	0
38	54801	26560	22060	6181	0	26216	0
39	54807	26781	21953	6073	0	26301	0
40	54815	26527	22004	6284	0	26156	0
41	54805	26517	21979	6309	0	26143	0
42	54769	26556	21975	6238	0	26106	0
43	54787	26498	21978	6311	0	26208	0
44	54801	26527	21946	6328	0	26187	0
45	54796	26516	21960	6320	0	26228	0
46	54801	26480	21967	6354	0	26180	0
47	54777	26513	21919	6345	0	26164	0
48	54796	26541	21912	6343	0	26235	0
49	54805	26548	21890	6367	0	26246	0
50	54796	26598	21817	6381	0	26274	0
51	54772	26641	21746	6385	0	26215	0
52	54814	26647	21712	6455	0	26305	0
53	54792	26579	21660	6553	0	26218	0
54	54810	26610	21613	6587	0	26269	0
55	54811	26565	21580	6666	0	26252	0
56	54804	26525	21569	6710	0	26226	0
57	54919	26711	21503	6705	0	26286	0
58	54888	26842	21237	6809	0	26409	0
59	54848	26546	21452	6850	0	26181	0
60	54799	26664	21334	6801	0	26380	0
61	54815	26807	21197	6811	0	26505	0
62	54797	26494	21202	7101	0	26228	0
63	54815	26847	21034	6934	0	26492	0
64	57831	35780	18894	3157	0	28920	0
65	57835	27295	22690	7850	0	26435	0
66	57851	27249	22682	7920	0	26831	0
67	57825	27167	22683	7975	0	26770	0
68	57822	27296	22590	7936	0	26895	0
69	57825	27214	22548	8063	0	26796	0
70	57999	27518	22428	8053	0	26780	0
71	57835	27223	22489	8123	0	26832	0
72	57820	27201	22494	8125	0	26821	0
73	58720	34087	19387	5246	0	29241	0
74	58730	27664	21425	9641	0	27120	0
75	58752	27594	21419	9739	0	25878	0
76	58725	27639	21399	9687	0	27144	0
77	58735	27628	21382	9725	0	27154	0
78	58728	27661	21346	9721	0	27203	0
79	58779	27741	21296	9742	0	27237	0
80	59428	34748	18518	6162	0	29963	0
81	59386	27949	20581	10856	0	27355	0
82	59398	27945	20540	10913	0	27425	0
83	59426	28011	20502	10913	0	27475	0
84	59597	28406	20379	10812	0	27590	0
85	59455	28024	20441	10990	0	27526	0
86	59446	27972	20430	11044	0	27484	0
87	59440	28092	20375	10973	0	27580	0
88	59465	28038	20390	11037	0	27547	0
89	59712	28553	20200	10959	0	26090	0
90	59463	27955	20321	11187	0	27303	0
91	59437	27940	20341	11156	0	27516	0
92	59530	28072	20341	11117	0	27635	0
93	59420	27926	20312	11182	0	27556	0
94	59502	28017	20301	11184	0	27563	0
95	59452	27922	20303	11227	0	27585	0
96	59455	28006	20269	11180	0	27653	0
97	59556	28041	20258	11257	0	27556	0
98	59521	27980	20253	11288	0	27515	0
99	59564	28163	20193	11208	0	27709	0
100	59466	27979	20236	11251	0	27634	0
101	59473	28091	20155	11227	0	27703	0
102	59471	27966	20146	11359	0	27633	0
103	59498	27993	20132	11373	0	27593	0
104	59527	28033	20129	11365	0	27687	0
105	59477	27918	20133	11426	0	27597	0
106	59452	27881	20144	11427	0	27574	0
107	59451	27873	20152	11426	0	27579	0
108	59533	28070	20080	11383	0	27642	0
109	59446	27884	20114	11448	0	27610	0
110	59466	27879	20130	11457	0	27570	0
111	59447	27882	20107	11458	0	27586	0
112	59487	27943	20069	11475	0	27586	0
113	59483	27926	20081	11476	0	27617	0
114	59494	27940	20098	11456	0	27558	0
115	59513	27924	20103	11486	0	27615	0
116	59493	27901	20114	11478	0	27619	0
117	59455	27858	20099	11498	0	27612	0
118	59476	27905	20087	11484	0	27632	0
119	59470	27876	20095	11499	0	27646	0
120	59475	27940	20067	11468	0	27634	0
121	59480	27945	20050	11485	0	27670	0
122	59518	27983	20030	11505	0	27641	0
123	59542	27964	20038	11540	0	27643	0
124	59481	27900	20026	11555	0	27573	0
125	59480	27919	20029	11532	0	27588	0
126	59480	27882	20048	11550	0	27499	0
127	59477	27895	20039	11543	0	27594	0
128	59475	27903	20030	11542	0	27647	0
129	59500	27894	20018	11588	0	27591	0
130	59463	27856	20037	11570	0	27590	0
131	59475	27882	20016	11577	0	27631	0
132	59491	27914	20026	11551	0	27632	0
133	59481	27906	20002	11573	0	27643	0
134	59500	27943	20000	11557	0	27678	0
135	59508	27924	19984	11600	0	27622	0
136	59484	27924	19971	11589	0	27634	0
137	59480	27894	19989	11597	0	27595	0
138	59522	27953	19978	11591	0	27638	0
139	59487	27879	19977	11631	0	27636	0
140	59467	27868	20000	11599	0	27635	0
141	59544	28051	19881	11612	0	27682	0
142	59490	27880	19980	11630	0	27578	0
143	59468	27886	19967	11615	0	27579	0
144	59504	27892	19982	11630	0	27614	0
145	59489	27878	19971	11640	0	27624	0
146	59479	27885	19974	11620	0	27636	0
147	59540	27935	19968	11637	0	27649	0
148	59510	27933	19935	11642	0	27674	0
149	59493	27956	19916	11621	0	27629	0
150	59464	27906	19908	11650	0	27652	0
151	59516	27939	19900	11677	0	27614	0
152	59479	27915	19895	11669	0	27690	0
153	59526	27970	19839	11717	0	27690	0
154	59517	27927	19843	11747	0	27662	0
155	59504	27897	19855	11752	0	27581	0
156	59510	27999	19836	11675	0	27679	0
157	59479	27908	19845	11726	0	27535	0
158	59486	27935	19832	11719	0	27666	0
159	59480	27906	19815	11759	0	27618	0
160	59498	27918	19822	11758	0	27616	0
161	59487	27910	19798	11779	0	27628	0
162	59488	27876	19808	11804	0	27645	0
163	59469	27829	19822	11818	0	27588	0
164	59517	27919	19805	11793	0	27680	0
165	59509	27921	19802	11786	0	27690	0
166	59489	27857	19820	11812	0	27576	0
167	59500	27856	19837	11807	0	27618	0
168	59475	27843	19812	11820	0	27628	0
169	59503	27894	19811	11798	0	27637	0
170	59493	27876	19820	11797	0	27599	0
171	59490	27894	19773	11823	0	27646	0
172	59525	27975	19732	11818	0	27651	0
173	59506	27894	19776	11836	0	27659	0
174	59483	27882	19753	11848	0	27590	0
175	59547	27941	19746	11860	0	27587	0
176	59704	28256	19623	11825	0	27673	0
177	59517	27905	19741	11871	0	27656	0
178	59518	27904	19750	11864	0	27655	0
179	59494	27896	19725	11873	0	27616	0
180	59505	27906	19720	11879	0	27672	0
181	59564	28062	19681	11821	0	27714	0
182	59649	28124	19642	11883	0	27653	0
183	59606	28049	19669	11888	0	27803	0
184	59505	27854	19707	11944	0	27615	0
185	59573	28005	19686	11882	0	27644	0
186	59493	27917	19668	11908	0	27661	0
187	59520	27949	19666	11905	0	27634	0
188	59510	27930	19659	11921	0	27674	0
189	59678	28177	19576	11925	0	27694	0
190	59512	27867	19663	11982	0	27616	0
191	59522	27890	19650	11982	0	27682	0
192	59553	27986	19627	11940	0	27729	0
193	59538	27940	19601	11997	0	27663	0
194	59505	27895	19609	12001	0	27640	0
195	59513	27903	19606	12004	0	27612	0
196	59512	27923	19598	11991	0	27686	0
197	59520	27907	19583	12030	0	27669	0
198	59514	27940	19566	12008	0	27687	0
199	59531	27894	19568	12069	0	27616	0
200	59500	27885	19561	12054	0	27659	0
201	59532	27893	19566	12073	0	27610	0
202	59516	27912	19527	12077	0	27682	0
203	59524	27933	19526	12065	0	27704	0
204	59538	27945	19503	12090	0	27734	0
205	59573	27969	19475	12129	0	27564	0
206	59523	27856	19521	12146	0	27630	0
207	59533	27927	19474	12132	0	27543	0
208	59529	27994	19446	12089	0	27758	0
209	59644	28174	19371	12099	0	27885	0
210	59522	27896	19445	12181	0	27653	0
211	59535	27864	19473	12198	0	27575	0
212	59565	27993	19411	12161	0	27694	0
213	59564	27978	19416	12170	0	27642	0
214	59594	28134	19377	12083	0	27847	0
215	59546	27846	19382	12318	0	27619	0
216	59562	27905	19378	12279	0	27637	0
217	59616	28003	19356	12257	0	27652	0
218	59553	27901	19387	12265	0	27627	0
219	59582	28019	19340	12223	0	27757	0
220	59556	27933	19345	12278	0	27664	0
221	59558	27938	19348	12272	0	27688	0
222	59550	27873	19374	12303	0	27481	0
223	59583	27934	19362	12287	0	27619	0
224	59585	27968	19363	12254	0	27657	0
225	59593	27935	19383	12275	0	27666	0
226	59620	28031	19363	12226	0	27709	0
227	59536	27877	19355	12304	0	27644	0
228	59533	27883	19341	12309	0	27592	0
229	59542	27861	19364	12317	0	27591	0
230	59661	28097	19255	12309	0	27855	0
231	59666	27990	19359	12317	0	27744	0
232	59544	27918	19344	12282	0	27661	0
233	59558	27887	19320	12351	0	27654	0
234	59661	28113	19283	12265	0	27891	0
235	59514	27876	19307	12331	0	27639	0
236	59542	27919	19274	12349	0	27684	0
237	59540	27896	19323	12321	0	27647	0
238	59533	27881	19286	12366	0	27664	0
239	59537	27843	19315	12379	0	27644	0
240	59544	27944	19283	12317	0	27745	0
241	59549	27897	19279	12373	0	27656	0
242	59571	27953	19283	12335	0	27707	0
243	59556	27954	19264	12338	0	27738	0
244	59541	27964	19256	12321	0	27694	0
245	59592	27940	19233	12419	0	27609	0
246	59563	27927	19248	12388	0	27615	0
247	60288	34737	18058	7493	0	30305	0
248	60341	28459	19940	11942	0	27957	0
249	60341	28367	19943	12031	0	27929	0
250	60558	28750	19806	12002	0	28149	0
251	60325	28306	19898	12121	0	27945	0
252	60375	28391	19883	12101	0	27776	0
253	60334	28289	19873	12172	0	27639	0
254	60390	28407	19826	12157	0	28026	0
255	61076	35836	17217	8023	0	30832	0
256	61085	28720	19422	12943	0	28230	0
257	61075	28675	19395	13005	0	28265	0
258	61063	28656	19396	13011	0	28244	0
259	61079	28628	19404	13047	0	28241	0
260	61069	28731	19365	12973	0	28298	0
261	61070	28690	19325	13055	0	28258	0
262	61078	28679	19333	13066	0	28261	0
263	62085	36135	16924	9026	0	31412	0
264	62073	29021	19071	13981	0	28446	0
265	62067	29118	19028	13921	0	28647	0
266	62080	29058	19024	13998	0	28664	0
267	62097	29033	19009	14055	0	28571	0
268	62115	29112	18967	14036	0	28624	0
269	62080	28997	18996	14087	0	28532	0
270	62132	29103	18963	14066	0	28672	0
271	62111	29043	18932	14136	0	28559	0
272	62086	28988	18934	14164	0	28530	0
273	62110	29032	18939	14139	0	28669	0
274	63019	36569	16629	9821	0	31015	0
275	63068	29627	18990	14451	0	28951	0
276	63026	29512	19009	14505	0	28901	0
277	62999	29450	19008	14541	0	28960	0
278	63045	29544	18990	14511	0	29007	0
279	63038	29582	18953	14503	0	29045	0
280	63028	29575	18952	14501	0	29047	0
281	63021	29570	18894	14557	0	29123	0
282	63029	29519	18919	14591	0	29058	0
283	63075	29595	18864	14616	0	29112	0
284	63023	29484	18896	14643	0	29093	0
285	63029	29532	18868	14629	0	28941	0
286	63005	29457	18870	14678	0	28995	0
287	63088	29653	18811	14624	0	29184	0
288	63017	29488	18850	14679	0	29047	0
289	63021	29464	18839	14718	0	29067	0
290	63090	29627	18814	14649	0	29192	0
291	63024	29505	18816	14703	0	29022	0
292	63815	37147	16454	10214	0	31608	0
293	63816	29944	18879	14993	0	29313	0
294	63817	29973	18860	14984	0	29441	0
295	63808	29845	18867	15096	0	29368	0
296	63804	29875	18816	15113	0	29374	0
297	63785	29869	18807	15109	0	29357	0
298	63922	30078	18734	15110	0	29386	0
299	63787	29846	18787	15154	0	29404	0
300	63810	29848	18756	15206	0	29422	0
