1	0.236	0.643	0.982	0.117	0.936	0.000	0.000	2.228	0.715	3.212
2	0.242	0.406	0.785	0.520	0.609	0.937	0.000	1.203	0.018	2.528
3	0.278	0.388	0.786	0.340	0.568	0.929	0.000	1.135	0.017	2.429
4	0.259	0.429	0.766	0.447	0.598	0.952	0.000	1.045	0.040	2.482
5	0.243	0.419	0.777	0.584	0.652	0.977	0.000	1.218	0.018	2.698
6	0.248	0.446	0.775	0.597	0.664	0.991	0.000	1.329	0.019	2.681
7	0.253	0.395	0.787	0.444	0.590	0.940	0.000	1.355	0.012	2.587
8	0.245	0.418	0.752	0.478	0.505	0.908	0.000	1.287	0.007	2.526
9	0.252	0.436	0.763	0.600	0.665	0.973	0.000	1.353	0.008	2.670
10	0.243	0.428	0.758	0.570	0.606	0.934	0.000	1.116	0.018	2.584
11	0.223	0.502	0.883	0.669	0.681	1.289	0.000	1.603	0.080	3.107
12	0.229	0.497	0.817	0.781	0.681	1.172	0.000	1.192	0.015	2.859
13	0.212	0.479	0.824	0.752	0.673	1.200	0.000	1.263	0.038	2.911
14	0.201	0.444	0.807	0.566	0.658	1.098	0.000	1.282	0.036	2.686
15	0.214	0.509	0.859	0.875	0.720	1.197	0.000	1.205	0.033	2.967
16	0.250	0.499	0.805	0.776	0.685	1.190	0.000	1.115	0.008	2.885
17	0.250	0.522	0.859	0.779	0.433	1.261	0.000	1.311	0.017	2.926
18	0.247	0.486	0.820	0.703	0.655	1.186	0.000	1.206	0.011	2.823
19	0.246	0.510	0.864	0.861	0.713	1.287	0.000	1.256	0.017	3.011
20	0.229	0.521	0.873	0.857	0.686	1.202	0.000	1.220	0.020	2.903
21	0.219	0.535	0.870	0.892	0.678	1.242	0.000	1.346	0.018	3.006
22	0.223	0.522	0.884	0.836	0.455	1.288	0.000	1.357	0.012	2.999
23	0.228	0.459	0.785	0.529	0.634	1.118	0.000	1.240	0.033	2.671
24	0.230	0.532	0.897	0.949	0.711	1.283	0.000	1.390	0.019	3.123
25	0.223	0.523	0.895	0.699	0.494	1.176	0.000	1.431	0.015	2.927
26	0.217	0.525	0.838	0.735	0.613	1.159	0.000	1.242	0.019	2.839
27	0.216	0.538	0.874	0.888	0.645	1.243	0.000	1.405	0.016	3.075
28	0.216	0.510	0.806	0.809	0.670	1.199	0.000	1.332	0.020	2.997
29	0.245	0.468	0.830	0.711	0.486	1.184	0.000	1.242	0.043	2.861
30	0.264	0.528	0.905	0.932	0.685	1.243	0.000	1.295	0.019	2.969
31	0.279	0.484	0.858	0.912	0.712	1.193	0.000	1.409	0.019	3.077
32	0.226	0.543	0.890	1.036	0.658	1.218	0.000	1.324	0.027	3.072
33	0.223	0.546	0.889	1.127	0.691	1.222	0.000	1.308	0.019	3.102
34	0.242	0.518	0.924	1.152	0.720	1.400	0.000	1.473	0.029	3.313
35	0.271	0.538	0.974	0.769	0.463	1.442	0.000	1.399	0.034	3.203
36	0.228	0.540	0.934	1.084	0.499	1.367	0.000	1.537	0.026	3.419
37	0.229	0.535	0.913	1.118	0.710	1.250	0.000	1.312	0.016	3.118
38	0.280	0.602	0.978	1.229	0.742	1.322	0.000	1.398	0.019	3.330
39	0.239	0.616	0.957	1.253	0.706	1.337	0.000	1.350	0.020	3.457
40	0.220	0.630	0.962	1.158	0.628	1.288	0.000	1.404	0.019	3.227
41	0.216	0.623	1.005	1.192	0.691	1.319	0.000	1.397	0.009	3.342
42	0.230	0.544	0.864	1.056	0.582	1.288	0.000	1.228	0.026	3.112
43	0.221	0.603	0.946	1.182	0.749	1.305	0.000	1.527	0.008	3.321
44	0.220	0.563	0.932	1.168	0.665	1.270	0.000	1.324	0.041	3.169
45	0.214	0.513	0.945	1.123	0.725	1.299	0.000	1.494	0.037	3.268
46	0.216	0.594	0.965	1.415	0.735	1.318	0.000	1.332	0.040	3.337
47	0.216	0.601	0.995	1.303	0.474	1.379	0.000	1.453	0.044	3.395
48	0.219	0.659	1.007	1.382	0.470	1.402	0.000	1.416	0.018	3.391
49	0.219	0.622	0.968	1.444	0.772	1.401	0.000	1.341	0.019	3.416
50	0.218	0.594	0.949	1.463	0.619	1.433	0.000	1.229	0.019	3.395
51	0.226	0.620	1.041	1.350	0.724	1.425	0.000	1.346	0.018	3.481
52	0.217	0.649	1.068	1.528	0.696	1.428	0.000	1.391	0.032	3.607
53	0.230	0.622	0.998	1.420	0.727	1.431	0.000	1.364	0.037	3.434
54	0.215	0.651	0.991	1.463	0.481	1.454	0.000	1.454	0.016	3.543
55	0.219	0.653	1.011	1.526	0.743	1.455	0.000	1.431	0.018	3.639
56	0.217	0.648	0.987	1.504	0.753	1.451	0.000	1.405	0.025	3.555
57	0.221	0.570	1.063	1.657	0.708	1.543	0.000	1.494	0.034	3.839
58	0.222	0.581	1.020	1.605	0.732	1.540	0.000	1.387	0.019	3.721
59	0.219	0.663	1.044	1.652	0.753	1.461	0.000	1.426	0.012	3.702
60	0.219	0.646	0.953	1.612	0.790	1.460	0.000	1.444	0.041	3.631
61	0.248	0.624	1.040	1.490	0.729	1.426	0.000	1.387	0.017	3.494
62	0.247	0.591	0.948	1.492	0.783	1.438	0.000	1.545	0.019	3.626
63	0.243	0.659	1.071	1.498	0.602	1.405	0.000	1.266	0.017	3.492
64	0.242	0.646	1.082	0.963	0.723	1.717	0.000	2.072	0.090	3.845
65	0.254	0.611	0.995	1.201	0.642	1.419	0.000	1.255	0.019	3.379
66	0.245	0.575	0.982	1.250	0.804	1.437	0.000	1.404	0.018	3.481
67	0.245	0.600	0.932	1.196	0.727	1.431	0.000	1.392	0.017	3.372
68	0.236	0.644	1.001	1.199	0.644	1.451	0.000	1.424	0.018	3.437
69	0.236	0.603	0.993	1.144	0.621	1.548	0.000	1.284	0.013	3.576
70	0.251	0.559	0.985	1.020	0.575	1.497	0.000	1.455	0.028	3.346
71	0.254	0.640	1.012	1.162	0.522	1.396	0.000	1.343	0.011	3.278
72	0.251	0.650	1.035	1.393	0.784	1.449	0.000	1.369	0.015	3.560
73	0.253	0.681	1.120	1.382	0.799	1.906	0.000	2.043	0.089	4.192
74	0.251	0.687	1.038	1.370	0.765	1.606	0.000	1.458	0.024	3.611
75	0.235	0.674	1.068	1.332	0.737	1.557	0.000	1.348	0.028	3.646
76	0.312	0.600	0.974	1.031	0.536	1.505	0.000	1.588	0.043	3.329
77	0.361	0.631	0.950	1.227	0.758	1.516	0.000	1.244	0.018	3.479
78	0.367	0.655	1.081	1.478	0.757	1.619	0.000	1.504	0.042	3.642
79	0.390	0.691	1.141	1.640	0.769	1.657	0.000	1.535	0.025	3.783
80	0.242	0.709	1.223	1.481	1.038	1.913	0.000	2.050	0.076	4.257
81	0.243	0.721	1.130	1.569	0.783	1.721	0.000	1.554	0.026	3.883
82	0.272	0.471	0.999	1.155	0.766	1.568	0.000	1.487	0.025	3.453
83	0.268	0.724	1.148	1.585	0.769	1.848	0.000	1.593	0.025	4.001
84	0.266	0.720	1.129	1.647	0.778	1.779	0.000	1.614	0.030	3.913
85	0.246	0.726	1.139	1.631	0.671	1.703	0.000	1.568	0.050	3.871
86	0.232	0.713	1.190	1.658	0.642	1.730	0.000	1.658	0.013	4.020
87	0.236	0.729	1.227	1.850	0.824	1.893	0.000	1.656	0.026	4.190
88	0.254	0.640	1.119	1.620	0.807	1.682	0.000	1.583	0.025	3.837
89	0.237	0.770	1.249	2.085	0.782	1.887	0.000	1.543	0.043	4.376
90	0.244	0.464	1.042	1.536	0.777	1.624	0.000	1.333	0.031	3.737
91	0.255	0.708	1.159	1.942	0.728	1.853	0.000	1.725	0.018	4.227
92	0.228	0.665	1.177	2.142	0.787	1.867	0.000	1.621	0.033	4.251
93	0.235	0.745	1.146	2.012	0.803	1.807	0.000	1.419	0.014	4.332
94	0.230	0.811	1.178	2.144	0.803	1.835	0.000	1.625	0.025	4.305
95	0.223	0.748	1.094	2.117	0.825	1.782	0.000	1.395	0.009	4.327
96	0.230	0.690	1.140	2.265	0.790	1.923	0.000	1.246	0.012	4.425
97	0.233	0.841	1.132	2.194	0.828	1.832	0.000	1.804	0.026	4.488
98	0.236	0.805	1.028	2.093	0.763	1.855	0.000	1.645	0.024	4.351
99	0.230	0.672	1.190	2.109	0.819	1.808	0.000	1.728	0.021	4.366
100	0.241	0.797	1.171	2.239	0.795	1.897	0.000	1.417	0.012	4.501
101	0.241	0.579	1.132	2.050	0.788	1.812	0.000	1.643	0.030	4.264
102	0.229	0.759	1.297	2.300	0.812	1.856	0.000	1.360	0.043	4.493
103	0.240	0.780	1.177	2.403	0.771	1.871	0.000	1.193	0.044	4.491
104	0.248	0.807	1.155	2.501	0.702	1.968	0.000	1.347	0.019	4.675
105	0.229	0.920	1.273	2.494	0.725	1.970	0.000	1.493	0.020	4.905
106	0.233	0.788	1.228	2.400	0.783	1.859	0.000	1.471	0.020	4.678
107	0.247	0.748	1.143	2.454	0.556	1.885	0.000	1.442	0.018	4.724
108	0.277	0.773	1.298	2.611	0.886	2.030	0.000	1.817	0.026	4.930
109	0.257	0.810	1.209	2.622	0.804	2.023	0.000	1.463	0.020	4.950
110	0.245	0.787	1.246	2.505	0.801	1.940	0.000	1.351	0.021	4.577
111	0.234	0.784	1.279	2.678	0.866	1.948	0.000	1.285	0.014	4.802
112	0.234	0.827	1.226	2.386	0.347	1.959	0.000	1.420	0.065	4.640
113	0.271	0.599	1.184	2.618	0.817	1.995	0.000	1.455	0.018	4.863
114	0.266	0.815	1.205	2.767	0.796	2.137	0.000	1.392	0.018	5.072
115	0.272	0.807	1.331	2.886	0.752	2.036	0.000	1.520	0.026	5.166
116	0.229	0.753	1.350	2.790	0.787	2.061	0.000	1.467	0.043	5.019
117	0.239	0.816	1.354	2.825	0.813	2.073	0.000	1.420	0.008	4.930
118	0.335	0.722	1.278	3.027	0.808	2.080	0.000	1.504	0.019	5.357
119	0.282	0.804	1.467	3.020	0.808	2.104	0.000	1.546	0.018	5.304
120	0.272	0.822	1.285	2.893	0.765	2.013	0.000	1.391	0.020	5.051
121	0.227	0.849	1.303	2.844	0.576	2.052	0.000	1.520	0.016	5.106
122	0.232	0.825	1.371	2.860	0.781	1.962	0.000	1.414	0.020	5.093
123	0.236	0.786	1.411	2.958	0.889	2.103	0.000	1.287	0.034	5.027
124	0.224	0.865	1.303	3.024	0.931	2.036	0.000	1.451	0.020	5.298
125	0.224	0.871	1.446	3.085	0.870	2.152	0.000	1.438	0.016	5.376
126	0.236	0.820	1.266	3.204	0.664	2.018	0.000	1.054	0.019	5.168
127	0.247	0.791	1.228	3.145	0.363	2.034	0.000	1.469	0.015	5.383
128	0.272	0.846	1.297	3.035	0.819	2.110	0.000	1.448	0.015	5.258
129	0.273	0.867	1.379	3.283	0.678	2.038	0.000	1.480	0.025	5.552
130	0.279	0.747	1.370	3.122	0.774	2.021	0.000	1.501	0.050	5.385
131	0.307	0.573	1.336	3.075	0.834	2.051	0.000	1.513	0.016	5.316
132	0.298	0.870	1.243	3.415	0.883	2.081	0.000	1.306	0.019	5.486
133	0.295	0.895	1.102	3.178	0.859	2.223	0.000	1.586	0.019	5.464
134	0.294	0.807	1.284	3.353	0.827	2.073	0.000	1.409	0.019	5.478
135	0.322	0.810	1.426	3.473	0.629	2.121	0.000	1.544	0.008	5.740
136	0.309	0.836	1.405	3.272	0.794	2.140	0.000	1.558	0.012	5.571
137	0.268	0.865	1.370	3.224	0.762	2.175	0.000	1.533	0.015	5.535
138	0.258	0.793	1.349	3.423	0.823	2.154	0.000	1.527	0.036	5.704
139	0.257	0.832	1.280	3.365	0.457	2.160	0.000	1.493	0.049	5.544
140	0.255	0.882	1.505	3.497	0.812	2.136	0.000	1.620	0.020	5.822
141	0.267	0.829	1.333	3.038	0.780	2.019	0.000	1.390	0.033	5.261
142	0.236	0.849	1.271	3.419	0.793	2.072	0.000	1.530	0.015	5.764
143	0.262	0.844	1.488	3.417	0.786	2.240	0.000	1.545	0.049	5.746
144	0.239	0.765	1.332	3.534	0.737	2.157	0.000	1.514	0.016	5.756
145	0.239	0.869	1.459	3.435	0.805	2.242	0.000	1.608	0.020	5.780
146	0.234	0.821	1.498	3.614	0.845	2.189	0.000	1.554	0.020	5.867
147	0.249	0.859	1.520	3.848	0.807	2.277	0.000	1.492	0.022	6.180
148	0.229	0.829	1.351	3.262	0.863	2.025	0.000	1.464	0.019	5.526
149	0.233	0.841	1.472	3.661	0.811	2.121	0.000	1.540	0.020	5.990
150	0.242	0.837	1.354	3.632	0.677	2.107	0.000	1.533	0.016	5.912
151	0.220	0.795	1.239	3.831	0.741	2.105	0.000	1.489	0.016	6.098
152	0.227	0.874	1.319	3.704	0.784	2.117	0.000	1.503	0.016	5.977
153	0.221	0.859	1.350	3.971	0.713	2.392	0.000	1.507	0.016	6.279
154	0.231	0.613	1.405	3.774	0.799	2.136	0.000	1.530	0.022	5.995
155	0.237	0.779	1.367	3.799	0.728	2.116	0.000	1.467	0.020	6.046
156	0.235	0.865	1.262	3.886	0.794	2.087	0.000	1.453	0.049	6.102
157	0.229	0.906	1.183	3.805	0.875	2.209	0.000	1.490	0.020	6.026
158	0.230	0.844	1.310	4.114	0.835	2.126	0.000	1.442	0.019	6.293
159	0.228	0.868	1.337	4.281	0.829	2.263	0.000	1.415	0.019	6.393
160	0.238	0.870	1.430	4.224	0.867	2.291	0.000	1.483	0.016	6.487
161	0.247	0.825	1.442	4.163	0.861	2.356	0.000	1.591	0.019	6.511
162	0.240	0.856	1.379	4.274	0.771	2.266	0.000	1.538	0.017	6.502
163	0.226	0.842	1.366	4.297	0.788	2.383	0.000	1.503	0.021	6.578
164	0.236	0.874	1.392	4.480	0.789	2.183	0.000	1.311	0.020	6.537
165	0.233	0.864	1.522	4.489	0.800	2.346	0.000	1.501	0.020	6.681
166	0.232	0.840	1.429	4.730	0.766	2.387	0.000	1.457	0.034	6.965
167	0.248	0.926	1.487	4.587	0.703	2.280	0.000	1.509	0.017	6.799
168	0.237	0.777	1.381	4.373	0.817	2.282	0.000	1.587	0.017	6.688
169	0.249	0.890	1.386	4.614	0.835	2.435	0.000	1.499	0.012	6.855
170	0.270	0.827	1.408	4.505	0.742	2.321	0.000	1.499	0.044	6.825
171	0.254	0.928	1.524	4.641	0.853	2.478	0.000	1.711	0.020	7.119
172	0.238	0.916	1.555	4.755	0.834	2.524	0.000	1.582	0.046	7.082
173	0.231	0.918	1.553	4.799	0.800	2.513	0.000	1.740	0.018	7.319
174	0.244	0.902	1.577	4.819	0.909	2.468	0.000	1.506	0.039	7.152
175	0.240	0.910	1.569	4.872	0.879	2.464	0.000	1.521	0.051	7.224
176	0.234	0.920	1.418	4.675	0.788	2.494	0.000	1.935	0.026	7.173
177	0.242	0.900	1.377	4.812	0.859	2.464	0.000	1.546	0.053	7.074
178	0.240	0.938	1.530	4.927	0.759	2.513	0.000	1.657	0.021	7.288
179	0.248	0.893	1.583	4.626	0.820	2.448	0.000	1.626	0.020	7.056
180	0.249	0.967	1.550	5.062	0.858	2.529	0.000	1.656	0.016	7.420
181	0.239	0.945	1.634	5.061	0.840	2.516	0.000	1.530	0.020	7.418
182	0.246	0.913	1.585	5.200	0.870	2.598	0.000	1.931	0.056	7.606
183	0.250	0.888	1.335	4.925	0.776	2.499	0.000	1.681	0.021	7.241
184	0.262	0.926	1.564	5.179	0.829	2.527	0.000	1.645	0.012	7.543
185	0.253	0.882	1.372	5.078	0.842	2.531	0.000	1.555	0.020	7.521
186	0.258	0.929	1.541	5.217	0.837	2.526	0.000	1.564	0.019	7.570
187	0.253	0.894	1.575	5.053	0.873	2.529	0.000	1.594	0.016	7.488
188	0.266	0.938	1.527	4.976	0.847	2.473	0.000	1.600	0.048	7.285
189	0.252	0.937	1.528	5.351	0.773	2.585	0.000	1.911	0.025	7.718
190	0.245	0.910	1.576	5.351	0.872	2.522	0.000	1.622	0.019	7.734
191	0.299	0.903	1.391	5.391	0.823	2.582	0.000	1.643	0.020	7.734
192	0.398	0.912	1.491	5.318	0.835	2.569	0.000	1.634	0.020	7.696
193	0.233	0.897	1.368	5.444	0.808	2.503	0.000	1.640	0.015	7.803
194	0.244	0.922	1.588	5.335	0.800	2.542	0.000	1.691	0.021	7.789
195	0.277	0.868	1.569	5.443	0.833	2.529	0.000	1.572	0.048	7.813
196	0.272	0.868	1.590	5.091	0.769	2.552	0.000	1.719	0.016	7.546
197	0.244	0.999	1.554	5.415	0.902	2.553	0.000	1.639	0.051	7.735
198	0.240	0.911	1.505	5.596	0.832	2.590	0.000	1.625	0.020	7.988
199	0.258	0.950	1.596	5.596	0.828	2.526	0.000	1.641	0.020	8.082
200	0.256	0.884	1.444	5.698	0.754	2.559	0.000	1.605	0.060	8.180
201	0.252	0.890	1.499	5.678	0.749	2.577	0.000	1.539	0.017	8.027
202	0.241	0.880	1.422	5.595	0.827	2.555	0.000	1.625	0.039	8.000
203	0.244	0.800	1.419	5.865	0.805	2.590	0.000	1.630	0.020	8.189
204	0.268	0.919	1.524	5.729	0.796	2.608	0.000	1.578	0.020	7.969
205	0.279	0.933	1.588	5.670	0.878	2.543	0.000	1.556	0.016	8.051
206	0.263	0.986	1.635	5.887	0.867	2.594	0.000	1.608	0.031	8.274
207	0.267	0.961	1.422	5.805	0.830	2.539	0.000	1.907	0.055	8.150
208	0.219	0.884	1.589	5.899	0.900	2.630	0.000	1.756	0.018	8.309
209	0.332	0.952	1.572	5.984	0.969	2.601	0.000	1.593	0.019	8.371
210	0.235	0.974	1.589	5.756	0.764	2.539	0.000	1.642	0.019	8.232
211	0.238	0.951	1.557	5.940	0.964	2.622	0.000	1.605	0.045	8.311
212	0.241	0.919	1.477	5.835	0.827	2.551	0.000	1.556	0.012	8.165
213	0.366	0.928	1.603	5.923	0.819	2.637	0.000	1.569	0.019	8.289
214	0.239	0.921	1.515	5.975	0.849	2.607	0.000	1.615	0.023	8.400
215	0.239	0.935	1.478	6.089	0.722	2.615	0.000	1.559	0.020	8.378
216	0.268	0.931	1.582	6.074	0.866	2.591	0.000	1.692	0.020	8.469
217	0.264	0.960	1.591	6.005	0.920	2.611	0.000	1.540	0.030	8.396
218	0.255	0.923	1.555	5.913	0.763	2.576	0.000	1.652	0.015	8.343
219	0.256	0.944	1.587	6.212	0.794	2.639	0.000	1.596	0.020	8.533
220	0.230	0.934	1.598	6.329	0.841	2.620	0.000	1.661	0.020	8.765
221	0.296	0.878	1.548	6.244	0.829	2.622	0.000	1.571	0.031	8.642
222	0.240	0.923	1.627	6.158	0.845	2.643	0.000	1.565	0.016	8.567
223	0.226	0.920	1.605	6.096	0.812	2.586	0.000	1.567	0.020	8.492
224	0.237	1.001	1.541	6.321	0.864	2.674	0.000	1.547	0.014	8.720
225	0.238	0.909	1.546	6.204	0.785	2.529	0.000	1.748	0.036	8.691
226	0.253	0.969	1.638	6.313	0.841	2.666	0.000	1.661	0.020	8.746
227	0.264	0.919	1.479	6.332	0.979	2.710	0.000	1.782	0.022	8.832
228	0.263	0.965	1.564	6.355	0.874	2.583	0.000	1.659	0.018	8.732
229	0.241	0.917	1.401	6.257	0.837	2.603	0.000	1.549	0.020	8.597
230	0.240	0.904	1.605	6.618	0.776	2.701	0.000	1.663	0.020	8.983
231	0.315	0.922	1.527	6.479	0.890	2.628	0.000	1.690	0.022	8.861
232	0.240	0.971	1.538	6.404	0.892	2.613	0.000	1.633	0.019	8.794
233	0.247	0.966	1.617	6.545	0.805	2.622	0.000	1.703	0.030	8.948
234	0.254	0.861	1.527	6.603	0.777	2.658	0.000	1.668	0.019	8.976
235	0.266	0.944	1.576	6.417	0.771	2.638	0.000	1.617	0.020	8.795
236	0.260	0.922	1.570	6.488	0.851	2.552	0.000	1.614	0.020	8.851
237	0.290	0.963	1.597	6.458	0.782	2.670	0.000	1.762	0.019	8.849
238	0.252	0.927	1.539	6.550	0.820	2.593	0.000	1.650	0.016	8.915
239	0.239	0.966	1.594	6.448	0.792	2.628	0.000	1.720	0.016	8.887
240	0.252	0.972	1.622	6.655	0.861	2.632	0.000	1.728	0.047	9.072
241	0.364	0.896	1.621	6.771	0.839	2.659	0.000	1.656	0.016	9.173
242	0.244	0.939	1.441	6.640	0.856	2.638	0.000	1.689	0.018	9.178
243	0.259	0.910	1.561	6.771	0.858	2.630	0.000	1.652	0.019	9.130
244	0.242	0.875	1.453	7.050	0.724	2.560	0.000	1.623	0.046	9.418
245	0.251	0.926	1.605	6.771	0.828	2.447	0.000	1.613	0.020	9.275
246	0.233	0.807	1.431	6.981	0.797	2.617	0.000	1.584	0.044	9.415
247	0.246	0.811	1.394	2.196	0.960	2.318	0.000	2.105	0.074	4.978
248	0.298	0.818	1.384	2.408	0.832	2.064	0.000	1.626	0.049	4.757
249	0.285	0.881	1.394	2.469	0.851	2.042	0.000	1.795	0.049	4.890
250	0.259	0.814	1.350	2.618	0.855	2.156	0.000	1.699	0.021	5.092
251	0.348	0.784	1.334	2.301	0.699	2.144	0.000	1.860	0.022	4.840
252	0.245	0.840	1.330	2.635	0.797	2.217	0.000	1.518	0.051	4.885
253	0.254	0.835	1.343	2.503	0.775	2.192	0.000	1.551	0.026	4.958
254	0.236	0.822	1.365	2.752	0.768	2.183	0.000	1.889	0.026	5.223
255	0.259	0.893	1.434	2.530	1.001	2.489	0.000	2.218	0.085	5.401
256	0.300	0.877	1.447	2.758	0.810	2.218	0.000	1.721	0.022	5.121
257	0.297	0.865	1.474	2.867	0.814	2.278	0.000	1.734	0.022	5.262
258	0.316	0.890	1.511	2.973	0.892	2.307	0.000	1.723	0.049	5.355
259	0.256	0.872	1.391	2.978	0.855	2.307	0.000	1.786	0.056	5.324
260	0.250	0.877	1.463	3.012	0.807	2.292	0.000	1.773	0.057	5.442
261	0.260	0.896	1.513	3.072	0.871	2.320	0.000	1.774	0.022	5.494
262	0.244	0.893	1.479	3.092	0.808	2.326	0.000	1.740	0.026	5.453
263	0.253	0.937	1.586	2.912	0.946	2.683	0.000	2.354	0.096	5.817
264	0.280	0.867	1.390	2.919	0.808	2.266	0.000	1.610	0.025	5.327
265	0.307	0.874	1.556	3.272	0.896	2.443	0.000	1.765	0.026	5.722
266	0.330	0.898	1.460	2.952	0.700	2.314	0.000	1.829	0.050	5.397
267	0.333	0.962	1.551	3.227	0.857	2.339	0.000	1.818	0.027	5.668
268	0.342	0.888	1.488	3.144	0.873	2.370	0.000	1.760	0.026	5.600
269	0.308	0.930	1.498	3.277	0.865	2.388	0.000	1.786	0.071	5.716
270	0.273	0.873	1.453	3.235	0.770	2.433	0.000	1.834	0.021	5.754
271	0.261	0.944	1.611	3.402	0.821	2.480	0.000	1.796	0.020	5.854
272	0.253	0.924	1.537	3.368	0.839	2.463	0.000	1.747	0.021	5.804
273	0.260	0.921	1.514	3.468	0.785	2.449	0.000	1.792	0.022	5.908
274	0.311	0.978	1.536	2.960	0.988	2.714	0.000	2.367	0.092	5.926
275	0.273	0.896	1.499	3.213	0.884	2.417	0.000	1.961	0.031	5.738
276	0.290	0.919	1.559	3.260	0.877	2.537	0.000	1.716	0.026	5.752
277	0.284	0.915	1.545	3.154	0.764	2.433	0.000	1.767	0.018	5.649
278	0.308	0.899	1.485	3.305	0.832	2.456	0.000	1.692	0.025	5.866
279	0.335	0.875	1.492	3.415	0.806	2.557	0.000	1.754	0.056	5.923
280	0.294	0.911	1.470	3.198	0.828	2.440	0.000	1.677	0.021	5.689
281	0.259	0.935	1.549	3.436	0.893	2.560	0.000	1.733	0.031	5.937
282	0.299	0.932	1.569	3.362	0.794	2.521	0.000	1.700	0.029	5.769
283	0.321	0.912	1.498	3.324	0.881	2.543	0.000	1.799	0.057	5.830
284	0.308	0.864	1.465	3.100	0.810	2.431	0.000	1.761	0.055	5.594
285	0.324	0.912	1.494	3.427	0.807	2.532	0.000	1.700	0.026	6.002
286	0.325	0.942	1.568	3.453	0.785	2.514	0.000	1.764	0.056	5.941
287	0.312	0.951	1.565	3.665	0.825	2.637	0.000	1.749	0.024	6.120
288	0.286	0.911	1.394	3.493	0.880	2.626	0.000	1.806	0.018	5.999
289	0.285	0.978	1.548	3.628	0.917	2.559	0.000	1.820	0.026	6.143
290	0.285	0.884	1.399	3.445	0.790	2.445	0.000	1.741	0.022	5.847
291	0.272	0.905	1.612	3.706	0.878	2.570	0.000	1.733	0.054	6.152
292	0.272	0.946	1.510	3.298	0.897	3.023	0.000	2.364	0.096	6.351
293	0.313	0.936	1.429	3.370	0.866	2.572	0.000	1.888	0.030	5.915
294	0.343	0.960	1.571	3.467	0.875	2.612	0.000	1.675	0.022	5.970
295	0.340	0.907	1.535	3.477	0.832	2.506	0.000	1.754	0.021	5.956
296	0.277	0.973	1.574	3.457	0.883	2.551	0.000	1.654	0.048	5.934
297	0.291	0.854	1.442	3.482	0.806	2.603	0.000	1.777	0.020	6.135
298	0.315	0.910	1.478	3.432	0.862	2.594	0.000	1.973	0.021	6.138
299	0.298	0.827	1.577	3.605	0.754	2.670	0.000	1.787	0.027	6.185
300	0.306	0.936	1.589	3.805	0.811	2.686	0.000	1.747	0.027	6.270
