1	0.000	0	-nan	0.000	0	-nan	0	0
2	0.092	142	96.20	0.000	0	inf	142	0
3	0.078	146	117.30	0.000	0	inf	146	0
4	0.091	149	102.78	0.000	0	inf	149	0
5	0.124	152	76.88	0.000	0	inf	152	0
6	0.117	155	83.05	0.000	0	inf	155	0
7	0.101	158	97.80	0.000	0	inf	158	0
8	0.127	161	79.37	0.000	0	inf	161	0
9	0.150	164	68.29	0.000	0	inf	164	0
10	0.155	167	67.24	0.000	0	inf	167	0
11	0.167	169	63.13	0.000	0	inf	169	0
12	0.201	184	57.28	0.000	0	inf	184	0
13	0.211	189	56.10	0.000	0	inf	189	0
14	0.160	191	74.51	0.000	0	inf	191	0
15	0.249	194	48.72	0.000	0	inf	194	0
16	0.209	197	58.95	0.000	0	inf	197	0
17	0.221	200	56.47	0.000	0	inf	200	0
18	0.211	203	60.04	0.000	0	inf	203	0
19	0.247	206	52.13	0.000	0	inf	206	0
20	0.265	209	49.20	0.000	0	inf	209	0
21	0.260	212	51.00	0.000	0	inf	212	0
22	0.251	215	53.45	0.000	0	inf	215	0
23	0.158	218	86.09	0.000	0	inf	218	0
24	0.292	220	47.10	0.000	0	inf	220	0
25	0.222	223	62.77	0.000	0	inf	223	0
26	0.249	226	56.63	0.000	0	inf	226	0
27	0.264	229	54.16	0.000	0	inf	229	0
28	0.242	234	60.36	0.000	0	inf	234	0
29	0.241	236	61.20	0.000	0	inf	236	0
30	0.333	244	45.84	0.000	0	inf	244	0
31	0.320	242	47.25	0.000	0	inf	242	0
32	0.362	248	42.80	0.000	0	inf	248	0
33	0.382	251	41.12	0.000	0	inf	251	0
34	0.397	258	40.58	0.000	0	inf	258	0
35	0.252	259	64.26	0.000	0	inf	259	0
36	0.375	269	44.86	0.000	0	inf	269	0
37	0.420	271	40.35	0.000	0	inf	271	0
38	0.451	277	38.37	0.000	0	inf	277	0
39	0.443	283	39.93	0.000	0	inf	283	0
40	0.430	287	41.75	0.000	0	inf	287	0
41	0.433	295	42.61	0.000	0	inf	295	0
42	0.379	297	49.02	0.000	0	inf	297	0
43	0.444	303	42.61	0.000	0	inf	303	0
44	0.437	307	43.87	0.000	0	inf	307	0
45	0.438	313	44.64	0.000	0	inf	313	0
46	0.546	314	35.97	0.000	0	inf	314	0
47	0.520	321	38.60	0.000	0	inf	321	0
48	0.550	331	37.60	0.000	0	inf	331	0
49	0.573	334	36.41	0.000	0	inf	334	0
50	0.568	338	37.19	0.000	0	inf	338	0
51	0.528	345	40.81	0.000	0	inf	345	0
52	0.603	348	36.08	0.000	0	inf	348	0
53	0.593	361	38.08	0.000	0	inf	361	0
54	0.583	363	38.93	0.000	0	inf	363	0
55	0.639	365	35.72	0.000	0	inf	365	0
56	0.604	373	38.62	0.000	0	inf	373	0
57	0.651	389	37.33	0.000	0	inf	389	0
58	0.636	396	38.90	0.000	0	inf	396	0
59	0.683	406	37.15	0.000	0	inf	406	0
60	0.683	411	37.60	0.000	0	inf	411	0
61	0.616	426	43.20	0.000	0	inf	426	0
62	0.639	448	43.79	0.000	0	inf	448	0
63	0.661	450	42.56	0.000	0	inf	450	0
64	0.310	271	54.66	0.000	0	inf	271	0
65	0.441	288	40.82	0.000	0	inf	288	0
66	0.461	302	40.93	0.000	0	inf	302	0
67	0.440	310	44.00	0.000	0	inf	310	0
68	0.454	310	42.64	0.000	0	inf	310	0
69	0.418	309	46.22	0.000	0	inf	309	0
70	0.367	328	55.80	0.000	0	inf	328	0
71	0.446	326	45.67	0.000	0	inf	326	0
72	0.534	333	38.99	0.000	0	inf	333	0
73	0.499	337	42.19	0.000	0	inf	337	0
74	0.526	358	42.57	0.000	0	inf	358	0
75	0.508	366	45.00	0.000	0	inf	366	0
76	0.382	375	61.39	0.000	0	inf	375	0
77	0.475	380	50.00	0.000	0	inf	380	0
78	0.576	391	42.46	0.000	0	inf	391	0
79	0.674	404	37.46	0.000	0	inf	404	0
80	0.560	395	44.08	0.000	0	inf	395	0
81	0.638	401	39.28	0.000	0	inf	401	0
82	0.443	410	57.84	0.000	0	inf	410	0
83	0.602	423	43.91	0.000	0	inf	423	0
84	0.685	454	41.43	0.000	0	inf	454	0
85	0.642	451	43.88	0.000	0	inf	451	0
86	0.694	473	42.59	0.000	0	inf	473	0
87	0.731	469	40.12	0.000	0	inf	469	0
88	0.683	480	43.92	0.000	0	inf	480	0
89	0.893	537	37.58	0.000	0	inf	537	0
90	0.619	525	53.04	0.000	0	inf	525	0
91	0.798	533	41.76	0.000	0	inf	533	0
92	0.928	563	37.91	0.000	0	inf	563	0
93	0.868	563	40.56	0.000	0	inf	563	0
94	0.910	577	39.64	0.000	0	inf	577	0
95	0.929	586	39.44	0.000	0	inf	586	0
96	0.947	595	39.25	0.000	0	inf	595	0
97	0.926	610	41.15	0.000	0	inf	610	0
98	0.873	625	44.77	0.000	0	inf	625	0
99	0.907	646	44.51	0.000	0	inf	646	0
100	0.969	636	41.03	0.000	0	inf	636	0
101	0.882	653	46.27	0.000	0	inf	653	0
102	0.993	674	42.41	0.000	0	inf	674	0
103	1.055	698	41.37	0.000	0	inf	698	0
104	1.103	709	40.18	0.000	0	inf	709	0
105	1.100	726	41.25	0.000	0	inf	726	0
106	1.053	732	43.43	0.000	0	inf	732	0
107	1.090	723	41.44	0.000	0	inf	723	0
108	1.148	746	40.60	0.000	0	inf	746	0
109	1.175	768	40.85	0.000	0	inf	768	0
110	1.103	785	44.50	0.000	0	inf	785	0
111	1.155	788	42.66	0.000	0	inf	788	0
112	1.076	810	47.03	0.000	0	inf	810	0
113	1.168	816	43.68	0.000	0	inf	816	0
114	1.203	835	43.37	0.000	0	inf	835	0
115	1.294	841	40.63	0.000	0	inf	841	0
116	1.266	833	41.12	0.000	0	inf	833	0
117	1.284	861	41.91	0.000	0	inf	861	0
118	1.391	868	39.01	0.000	0	inf	868	0
119	1.392	872	39.17	0.000	0	inf	872	0
120	1.315	886	42.10	0.000	0	inf	886	0
121	1.273	888	43.60	0.000	0	inf	888	0
122	1.297	910	43.85	0.000	0	inf	910	0
123	1.362	950	43.61	0.000	0	inf	950	0
124	1.377	937	42.52	0.000	0	inf	937	0
125	1.414	945	41.78	0.000	0	inf	945	0
126	1.436	968	42.13	0.000	0	inf	968	0
127	1.439	994	43.18	0.000	0	inf	994	0
128	1.399	994	44.39	0.000	0	inf	994	0
129	1.525	990	40.58	0.000	0	inf	990	0
130	1.438	1009	43.87	0.000	0	inf	1009	0
131	1.361	1031	47.35	0.000	0	inf	1031	0
132	1.563	1016	40.63	0.000	0	inf	1016	0
133	1.427	1052	46.08	0.000	0	inf	1052	0
134	1.518	1068	43.96	0.000	0	inf	1068	0
135	1.582	1076	42.50	0.000	0	inf	1076	0
136	1.493	1084	45.38	0.000	0	inf	1084	0
137	1.496	1090	45.53	0.000	0	inf	1090	0
138	1.589	1116	43.89	0.000	0	inf	1116	0
139	1.552	1139	45.86	0.000	0	inf	1139	0
140	1.594	1133	44.43	0.000	0	inf	1133	0
141	1.371	1160	52.89	0.000	0	inf	1160	0
142	1.595	1161	45.49	0.000	0	inf	1161	0
143	1.586	1156	45.55	0.000	0	inf	1156	0
144	1.627	1174	45.10	0.000	0	inf	1174	0
145	1.615	1203	46.57	0.000	0	inf	1203	0
146	1.676	1216	45.35	0.000	0	inf	1216	0
147	1.792	1212	42.27	0.000	0	inf	1212	0
148	1.502	1235	51.41	0.000	0	inf	1235	0
149	1.715	1257	45.81	0.000	0	inf	1257	0
150	1.725	1266	45.88	0.000	0	inf	1266	0
151	1.784	1297	45.45	0.000	0	inf	1297	0
152	1.756	1306	46.49	0.000	0	inf	1306	0
153	1.894	1340	44.21	0.000	0	inf	1340	0
154	1.739	1331	47.84	0.000	0	inf	1331	0
155	1.760	1344	47.73	0.000	0	inf	1344	0
156	1.828	1369	46.80	0.000	0	inf	1369	0
157	1.787	1394	48.75	0.000	0	inf	1394	0
158	1.939	1407	45.36	0.000	0	inf	1407	0
159	1.967	1445	45.92	0.000	0	inf	1445	0
160	1.982	1474	46.48	0.000	0	inf	1474	0
161	1.977	1490	47.10	0.000	0	inf	1490	0
162	1.975	1503	47.56	0.000	0	inf	1503	0
163	2.026	1499	46.25	0.000	0	inf	1499	0
164	2.104	1504	44.68	0.000	0	inf	1504	0
165	2.088	1515	45.35	0.000	0	inf	1515	0
166	2.175	1536	44.14	0.000	0	inf	1536	0
167	2.102	1541	45.82	0.000	0	inf	1541	0
168	2.083	1537	46.12	0.000	0	inf	1537	0
169	2.165	1561	45.07	0.000	0	inf	1561	0
170	2.067	1590	48.07	0.000	0	inf	1590	0
171	2.195	1600	45.56	0.000	0	inf	1600	0
172	2.258	1614	44.68	0.000	0	inf	1614	0
173	2.248	1640	45.59	0.000	0	inf	1640	0
174	2.252	1646	45.69	0.000	0	inf	1646	0
175	2.307	1653	44.78	0.000	0	inf	1653	0
176	2.213	1679	47.42	0.000	0	inf	1679	0
177	2.202	1686	47.85	0.000	0	inf	1686	0
178	2.305	1702	46.16	0.000	0	inf	1702	0
179	2.142	1709	49.86	0.000	0	inf	1709	0
180	2.428	1738	44.73	0.000	0	inf	1738	0
181	2.429	1777	45.73	0.000	0	inf	1777	0
182	2.477	1773	44.75	0.000	0	inf	1773	0
183	2.291	1760	48.02	0.000	0	inf	1760	0
184	2.439	1803	46.21	0.000	0	inf	1803	0
185	2.386	1805	47.28	0.000	0	inf	1805	0
186	2.459	1799	45.72	0.000	0	inf	1799	0
187	2.359	1827	48.41	0.000	0	inf	1827	0
188	2.362	1870	49.48	0.000	0	inf	1870	0
189	2.559	1920	46.89	0.000	0	inf	1920	0
190	2.570	1888	45.91	0.000	0	inf	1888	0
191	2.561	1897	46.30	0.000	0	inf	1897	0
192	2.557	1877	45.88	0.000	0	inf	1877	0
193	2.551	1934	47.38	0.000	0	inf	1934	0
194	2.509	1943	48.41	0.000	0	inf	1943	0
195	2.580	1946	47.15	0.000	0	inf	1946	0
196	2.435	1948	50.01	0.000	0	inf	1948	0
197	2.579	1969	47.73	0.000	0	inf	1969	0
198	2.666	1986	46.56	0.000	0	inf	1986	0
199	2.687	2002	46.57	0.000	0	inf	2002	0
200	2.635	2012	47.73	0.000	0	inf	2012	0
201	2.655	2030	47.78	0.000	0	inf	2030	0
202	2.699	2042	47.28	0.000	0	inf	2042	0
203	2.791	2086	46.72	0.000	0	inf	2086	0
204	2.667	2119	49.66	0.000	0	inf	2119	0
205	2.703	2113	48.86	0.000	0	inf	2113	0
206	2.810	2132	47.42	0.000	0	inf	2132	0
207	2.738	2141	48.87	0.000	0	inf	2141	0
208	2.869	2157	46.99	0.000	0	inf	2157	0
209	2.865	2169	47.32	0.000	0	inf	2169	0
210	2.711	2159	49.78	0.000	0	inf	2159	0
211	2.828	2193	48.46	0.000	0	inf	2193	0
212	2.802	2197	49.01	0.000	0	inf	2197	0
213	2.806	2174	48.43	0.000	0	inf	2174	0
214	2.870	2168	47.21	0.000	0	inf	2168	0
215	2.912	2228	47.82	0.000	0	inf	2228	0
216	2.886	2239	48.48	0.000	0	inf	2239	0
217	2.856	2244	49.10	0.000	0	inf	2244	0
218	2.815	2236	49.65	0.000	0	inf	2236	0
219	2.988	2256	47.19	0.000	0	inf	2256	0
220	3.044	2293	47.07	0.000	0	inf	2293	0
221	3.002	2284	47.55	0.000	0	inf	2284	0
222	2.932	2310	49.25	0.000	0	inf	2310	0
223	2.903	2312	49.77	0.000	0	inf	2312	0
224	3.033	2326	47.93	0.000	0	inf	2326	0
225	2.980	2332	48.91	0.000	0	inf	2332	0
226	3.061	2319	47.35	0.000	0	inf	2319	0
227	3.082	2347	47.60	0.000	0	inf	2347	0
228	3.059	2379	48.60	0.000	0	inf	2379	0
229	2.990	2373	49.61	0.000	0	inf	2373	0
230	3.187	2434	47.73	0.000	0	inf	2434	0
231	3.083	2381	48.27	0.000	0	inf	2381	0
232	3.060	2366	48.33	0.000	0	inf	2366	0
233	3.109	2415	48.55	0.000	0	inf	2415	0
234	3.142	2421	48.16	0.000	0	inf	2421	0
235	3.074	2410	49.00	0.000	0	inf	2410	0
236	3.137	2436	48.54	0.000	0	inf	2436	0
237	3.094	2435	49.18	0.000	0	inf	2435	0
238	3.154	2472	48.98	0.000	0	inf	2472	0
239	3.078	2484	50.44	0.000	0	inf	2484	0
240	3.220	2485	48.24	0.000	0	inf	2485	0
241	3.225	2517	48.78	0.000	0	inf	2517	0
242	3.206	2532	49.35	0.000	0	inf	2532	0
243	3.279	2512	47.87	0.000	0	inf	2512	0
244	3.275	2549	48.65	0.000	0	inf	2549	0
245	3.186	2555	50.12	0.000	0	inf	2555	0
246	3.264	2574	49.29	0.000	0	inf	2574	0
247	0.891	614	43.09	0.000	0	inf	614	0
248	1.045	658	39.36	0.000	0	inf	658	0
249	1.073	670	39.01	0.000	0	inf	670	0
250	1.137	716	39.37	0.000	0	inf	716	0
251	0.977	727	46.49	0.000	0	inf	727	0
252	1.143	743	40.63	0.000	0	inf	743	0
253	1.078	757	43.89	0.000	0	inf	757	0
254	1.210	795	41.08	0.000	0	inf	795	0
255	1.062	763	44.90	0.000	0	inf	763	0
256	1.200	815	42.44	0.000	0	inf	815	0
257	1.268	841	41.45	0.000	0	inf	841	0
258	1.332	851	39.94	0.000	0	inf	851	0
259	1.325	863	40.70	0.000	0	inf	863	0
260	1.355	886	40.88	0.000	0	inf	886	0
261	1.370	910	41.53	0.000	0	inf	910	0
262	1.408	924	41.03	0.000	0	inf	924	0
263	1.217	877	45.05	0.000	0	inf	877	0
264	1.284	913	44.42	0.000	0	inf	913	0
265	1.462	933	39.89	0.000	0	inf	933	0
266	1.304	949	45.48	0.000	0	inf	949	0
267	1.433	959	41.81	0.000	0	inf	959	0
268	1.408	997	44.25	0.000	0	inf	997	0
269	1.434	1004	43.76	0.000	0	inf	1004	0
270	1.465	1035	44.17	0.000	0	inf	1035	0
271	1.533	1038	42.33	0.000	0	inf	1038	0
272	1.520	1056	43.41	0.000	0	inf	1056	0
273	1.540	1058	42.94	0.000	0	inf	1058	0
274	1.272	940	46.20	0.000	0	inf	940	0
275	1.428	966	42.29	0.000	0	inf	966	0
276	1.467	982	41.83	0.000	0	inf	982	0
277	1.383	995	44.97	0.000	0	inf	995	0
278	1.467	1002	42.70	0.000	0	inf	1002	0
279	1.530	1021	41.71	0.000	0	inf	1021	0
280	1.424	1030	45.21	0.000	0	inf	1030	0
281	1.523	1065	43.71	0.000	0	inf	1065	0
282	1.526	1063	43.55	0.000	0	inf	1063	0
283	1.478	1084	45.85	0.000	0	inf	1084	0
284	1.371	1085	49.45	0.000	0	inf	1085	0
285	1.543	1103	44.67	0.000	0	inf	1103	0
286	1.531	1100	44.91	0.000	0	inf	1100	0
287	1.638	1148	43.80	0.000	0	inf	1148	0
288	1.556	1137	45.67	0.000	0	inf	1137	0
289	1.622	1132	43.62	0.000	0	inf	1132	0
290	1.543	1176	47.64	0.000	0	inf	1176	0
291	1.632	1167	44.69	0.000	0	inf	1167	0
292	1.401	1066	47.57	0.000	0	inf	1066	0
293	1.476	1079	45.70	0.000	0	inf	1079	0
294	1.505	1090	45.27	0.000	0	inf	1090	0
295	1.534	1109	45.18	0.000	0	inf	1109	0
296	1.539	1117	45.37	0.000	0	inf	1117	0
297	1.539	1122	45.57	0.000	0	inf	1122	0
298	1.528	1179	48.24	0.000	0	inf	1179	0
299	1.590	1168	45.91	0.000	0	inf	1168	0
300	1.715	1185	43.20	0.000	0	inf	1185	0
