1	0.000	0	inf	0.000	0	inf
2	0.092	142	6098.70	0.000	0	inf
3	0.078	146	7233.55	0.000	0	inf
4	0.091	149	6210.50	0.000	0	inf
5	0.124	152	4553.74	0.000	0	inf
6	0.117	155	4824.50	0.000	0	inf
7	0.101	158	5573.01	0.000	0	inf
8	0.127	161	4438.82	0.000	0	inf
9	0.150	164	3749.30	0.000	0	inf
10	0.155	167	3625.42	0.000	0	inf
11	0.167	169	3396.71	0.000	0	inf
12	0.201	184	2830.59	0.000	0	inf
13	0.211	189	2698.88	0.000	0	inf
14	0.160	191	3547.22	0.000	0	inf
15	0.249	194	2283.77	0.000	0	inf
16	0.209	197	2721.47	0.000	0	inf
17	0.221	200	2567.72	0.000	0	inf
18	0.211	203	2689.56	0.000	0	inf
19	0.247	206	2301.45	0.000	0	inf
20	0.265	209	2141.17	0.000	0	inf
21	0.260	212	2188.13	0.000	0	inf
22	0.251	215	2261.34	0.000	0	inf
23	0.158	218	3591.88	0.000	0	inf
24	0.292	220	1947.34	0.000	0	inf
25	0.222	223	2560.48	0.000	0	inf
26	0.249	226	2279.40	0.000	0	inf
27	0.264	229	2151.29	0.000	0	inf
28	0.242	234	2346.63	0.000	0	inf
29	0.241	236	2359.63	0.000	0	inf
30	0.333	244	1709.51	0.000	0	inf
31	0.320	242	1776.72	0.000	0	inf
32	0.362	248	1570.51	0.000	0	inf
33	0.382	251	1490.75	0.000	0	inf
34	0.397	258	1431.29	0.000	0	inf
35	0.252	259	2257.81	0.000	0	inf
36	0.375	269	1517.38	0.000	0	inf
37	0.420	271	1354.99	0.000	0	inf
38	0.451	277	1260.64	0.000	0	inf
39	0.443	283	1284.24	0.000	0	inf
40	0.430	287	1323.91	0.000	0	inf
41	0.433	295	1314.63	0.000	0	inf
42	0.379	297	1502.04	0.000	0	inf
43	0.444	303	1279.96	0.000	0	inf
44	0.437	307	1300.66	0.000	0	inf
45	0.438	313	1298.09	0.000	0	inf
46	0.546	314	1042.58	0.000	0	inf
47	0.520	321	1094.59	0.000	0	inf
48	0.550	331	1033.92	0.000	0	inf
49	0.573	334	992.31	0.000	0	inf
50	0.568	338	1001.45	0.000	0	inf
51	0.528	345	1076.85	0.000	0	inf
52	0.603	348	943.85	0.000	0	inf
53	0.593	361	960.23	0.000	0	inf
54	0.583	363	976.33	0.000	0	inf
55	0.639	365	890.89	0.000	0	inf
56	0.604	373	942.71	0.000	0	inf
57	0.651	389	873.80	0.000	0	inf
58	0.636	396	894.31	0.000	0	inf
59	0.683	406	833.05	0.000	0	inf
60	0.683	411	832.98	0.000	0	inf
61	0.616	426	923.56	0.000	0	inf
62	0.639	448	890.23	0.000	0	inf
63	0.661	450	861.36	0.000	0	inf
64	0.310	271	1941.78	0.000	0	inf
65	0.441	288	1364.67	0.000	0	inf
66	0.461	302	1304.83	0.000	0	inf
67	0.440	310	1366.62	0.000	0	inf
68	0.454	310	1324.52	0.000	0	inf
69	0.418	309	1440.40	0.000	0	inf
70	0.367	328	1638.10	0.000	0	inf
71	0.446	326	1348.88	0.000	0	inf
72	0.534	333	1127.65	0.000	0	inf
73	0.499	337	1224.19	0.000	0	inf
74	0.526	358	1162.89	0.000	0	inf
75	0.508	366	1202.30	0.000	0	inf
76	0.382	375	1601.01	0.000	0	inf
77	0.475	380	1286.80	0.000	0	inf
78	0.576	391	1062.06	0.000	0	inf
79	0.674	404	906.86	0.000	0	inf
80	0.560	395	1104.04	0.000	0	inf
81	0.638	401	969.19	0.000	0	inf
82	0.443	410	1395.85	0.000	0	inf
83	0.602	423	1026.96	0.000	0	inf
84	0.685	454	903.07	0.000	0	inf
85	0.642	451	962.74	0.000	0	inf
86	0.694	473	891.01	0.000	0	inf
87	0.731	469	846.62	0.000	0	inf
88	0.683	480	905.62	0.000	0	inf
89	0.893	537	692.64	0.000	0	inf
90	0.619	525	999.87	0.000	0	inf
91	0.798	533	775.41	0.000	0	inf
92	0.928	563	666.47	0.000	0	inf
93	0.868	563	713.05	0.000	0	inf
94	0.910	577	680.05	0.000	0	inf
95	0.929	586	666.18	0.000	0	inf
96	0.947	595	653.00	0.000	0	inf
97	0.926	610	667.78	0.000	0	inf
98	0.873	625	709.03	0.000	0	inf
99	0.907	646	682.05	0.000	0	inf
100	0.969	636	638.56	0.000	0	inf
101	0.882	653	701.50	0.000	0	inf
102	0.993	674	622.91	0.000	0	inf
103	1.055	698	586.74	0.000	0	inf
104	1.103	709	561.01	0.000	0	inf
105	1.100	726	562.54	0.000	0	inf
106	1.053	732	587.40	0.000	0	inf
107	1.090	723	567.48	0.000	0	inf
108	1.148	746	538.83	0.000	0	inf
109	1.175	768	526.58	0.000	0	inf
110	1.103	785	561.17	0.000	0	inf
111	1.155	788	535.94	0.000	0	inf
112	1.076	810	574.89	0.000	0	inf
113	1.168	816	529.98	0.000	0	inf
114	1.203	835	514.20	0.000	0	inf
115	1.294	841	478.29	0.000	0	inf
116	1.266	833	488.80	0.000	0	inf
117	1.284	861	481.97	0.000	0	inf
118	1.391	868	445.01	0.000	0	inf
119	1.392	872	444.70	0.000	0	inf
120	1.315	886	470.44	0.000	0	inf
121	1.273	888	486.12	0.000	0	inf
122	1.297	910	477.18	0.000	0	inf
123	1.362	950	454.53	0.000	0	inf
124	1.377	937	449.30	0.000	0	inf
125	1.414	945	437.80	0.000	0	inf
126	1.436	968	430.95	0.000	0	inf
127	1.439	994	430.14	0.000	0	inf
128	1.399	994	442.24	0.000	0	inf
129	1.525	990	405.88	0.000	0	inf
130	1.438	1009	430.52	0.000	0	inf
131	1.361	1031	454.74	0.000	0	inf
132	1.563	1016	395.95	0.000	0	inf
133	1.427	1052	433.73	0.000	0	inf
134	1.518	1068	407.63	0.000	0	inf
135	1.582	1076	391.18	0.000	0	inf
136	1.493	1084	414.51	0.000	0	inf
137	1.496	1090	413.64	0.000	0	inf
138	1.589	1116	389.45	0.000	0	inf
139	1.552	1139	398.67	0.000	0	inf
140	1.594	1133	388.34	0.000	0	inf
141	1.371	1160	451.51	0.000	0	inf
142	1.595	1161	387.99	0.000	0	inf
143	1.586	1156	390.22	0.000	0	inf
144	1.627	1174	380.39	0.000	0	inf
145	1.615	1203	383.32	0.000	0	inf
146	1.676	1216	369.29	0.000	0	inf
147	1.792	1212	345.42	0.000	0	inf
148	1.502	1235	412.20	0.000	0	inf
149	1.715	1257	360.90	0.000	0	inf
150	1.725	1266	358.89	0.000	0	inf
151	1.784	1297	347.01	0.000	0	inf
152	1.756	1306	352.54	0.000	0	inf
153	1.894	1340	326.77	0.000	0	inf
154	1.739	1331	355.99	0.000	0	inf
155	1.760	1344	351.69	0.000	0	inf
156	1.828	1369	338.61	0.000	0	inf
157	1.787	1394	346.36	0.000	0	inf
158	1.939	1407	319.30	0.000	0	inf
159	1.967	1445	314.71	0.000	0	inf
160	1.982	1474	312.29	0.000	0	inf
161	1.977	1490	313.11	0.000	0	inf
162	1.975	1503	313.44	0.000	0	inf
163	2.026	1499	305.61	0.000	0	inf
164	2.104	1504	294.21	0.000	0	inf
165	2.088	1515	296.48	0.000	0	inf
166	2.175	1536	284.65	0.000	0	inf
167	2.102	1541	294.52	0.000	0	inf
168	2.083	1537	297.22	0.000	0	inf
169	2.165	1561	285.95	0.000	0	inf
170	2.067	1590	299.48	0.000	0	inf
171	2.195	1600	282.08	0.000	0	inf
172	2.258	1614	274.20	0.000	0	inf
173	2.248	1640	275.38	0.000	0	inf
174	2.252	1646	274.94	0.000	0	inf
175	2.307	1653	268.36	0.000	0	inf
176	2.213	1679	279.74	0.000	0	inf
177	2.202	1686	281.14	0.000	0	inf
178	2.305	1702	268.65	0.000	0	inf
179	2.142	1709	288.98	0.000	0	inf
180	2.428	1738	254.96	0.000	0	inf
181	2.429	1777	254.90	0.000	0	inf
182	2.477	1773	249.99	0.000	0	inf
183	2.291	1760	270.25	0.000	0	inf
184	2.439	1803	253.87	0.000	0	inf
185	2.386	1805	259.46	0.000	0	inf
186	2.459	1799	251.76	0.000	0	inf
187	2.359	1827	262.49	0.000	0	inf
188	2.362	1870	262.12	0.000	0	inf
189	2.559	1920	241.95	0.000	0	inf
190	2.570	1888	240.91	0.000	0	inf
191	2.561	1897	241.80	0.000	0	inf
192	2.557	1877	242.19	0.000	0	inf
193	2.551	1934	242.74	0.000	0	inf
194	2.509	1943	246.87	0.000	0	inf
195	2.580	1946	240.08	0.000	0	inf
196	2.435	1948	254.37	0.000	0	inf
197	2.579	1969	240.18	0.000	0	inf
198	2.666	1986	232.33	0.000	0	inf
199	2.687	2002	230.50	0.000	0	inf
200	2.635	2012	235.06	0.000	0	inf
201	2.655	2030	233.26	0.000	0	inf
202	2.699	2042	229.44	0.000	0	inf
203	2.791	2086	221.94	0.000	0	inf
204	2.667	2119	232.25	0.000	0	inf
205	2.703	2113	229.15	0.000	0	inf
206	2.810	2132	220.41	0.000	0	inf
207	2.738	2141	226.21	0.000	0	inf
208	2.869	2157	215.91	0.000	0	inf
209	2.865	2169	216.21	0.000	0	inf
210	2.711	2159	228.52	0.000	0	inf
211	2.828	2193	219.02	0.000	0	inf
212	2.802	2197	221.09	0.000	0	inf
213	2.806	2174	220.79	0.000	0	inf
214	2.870	2168	215.87	0.000	0	inf
215	2.912	2228	212.73	0.000	0	inf
216	2.886	2239	214.64	0.000	0	inf
217	2.856	2244	216.91	0.000	0	inf
218	2.815	2236	220.10	0.000	0	inf
219	2.988	2256	207.33	0.000	0	inf
220	3.044	2293	203.50	0.000	0	inf
221	3.002	2284	206.39	0.000	0	inf
222	2.932	2310	211.33	0.000	0	inf
223	2.903	2312	213.40	0.000	0	inf
224	3.033	2326	204.28	0.000	0	inf
225	2.980	2332	207.91	0.000	0	inf
226	3.061	2319	202.42	0.000	0	inf
227	3.082	2347	201.05	0.000	0	inf
228	3.059	2379	202.53	0.000	0	inf
229	2.990	2373	207.27	0.000	0	inf
230	3.187	2434	194.42	0.000	0	inf
231	3.083	2381	200.98	0.000	0	inf
232	3.060	2366	202.51	0.000	0	inf
233	3.109	2415	199.31	0.000	0	inf
234	3.142	2421	197.23	0.000	0	inf
235	3.074	2410	201.57	0.000	0	inf
236	3.137	2436	197.55	0.000	0	inf
237	3.094	2435	200.26	0.000	0	inf
238	3.154	2472	196.45	0.000	0	inf
239	3.078	2484	201.31	0.000	0	inf
240	3.220	2485	192.46	0.000	0	inf
241	3.225	2517	192.17	0.000	0	inf
242	3.206	2532	193.26	0.000	0	inf
243	3.279	2512	188.97	0.000	0	inf
244	3.275	2549	189.25	0.000	0	inf
245	3.186	2555	194.53	0.000	0	inf
246	3.264	2574	189.88	0.000	0	inf
247	0.891	614	704.66	0.000	0	inf
248	1.045	658	600.69	0.000	0	inf
249	1.073	670	584.67	0.000	0	inf
250	1.137	716	552.23	0.000	0	inf
251	0.977	727	642.23	0.000	0	inf
252	1.143	743	549.19	0.000	0	inf
253	1.078	757	582.34	0.000	0	inf
254	1.210	795	518.95	0.000	0	inf
255	1.062	763	598.23	0.000	0	inf
256	1.200	815	529.40	0.000	0	inf
257	1.268	841	501.04	0.000	0	inf
258	1.332	851	477.12	0.000	0	inf
259	1.325	863	479.52	0.000	0	inf
260	1.355	886	469.07	0.000	0	inf
261	1.370	910	463.98	0.000	0	inf
262	1.408	924	451.46	0.000	0	inf
263	1.217	877	530.61	0.000	0	inf
264	1.284	913	502.63	0.000	0	inf
265	1.462	933	441.65	0.000	0	inf
266	1.304	949	495.13	0.000	0	inf
267	1.433	959	450.44	0.000	0	inf
268	1.408	997	458.51	0.000	0	inf
269	1.434	1004	450.28	0.000	0	inf
270	1.465	1035	440.88	0.000	0	inf
271	1.533	1038	421.30	0.000	0	inf
272	1.520	1056	424.70	0.000	0	inf
273	1.540	1058	419.36	0.000	0	inf
274	1.272	940	515.16	0.000	0	inf
275	1.428	966	458.94	0.000	0	inf
276	1.467	982	446.52	0.000	0	inf
277	1.383	995	473.76	0.000	0	inf
278	1.467	1002	446.75	0.000	0	inf
279	1.530	1021	428.29	0.000	0	inf
280	1.424	1030	460.13	0.000	0	inf
281	1.523	1065	430.23	0.000	0	inf
282	1.526	1063	429.49	0.000	0	inf
283	1.478	1084	443.44	0.000	0	inf
284	1.371	1085	477.82	0.000	0	inf
285	1.543	1103	424.56	0.000	0	inf
286	1.531	1100	428.03	0.000	0	inf
287	1.638	1148	400.03	0.000	0	inf
288	1.556	1137	421.15	0.000	0	inf
289	1.622	1132	404.00	0.000	0	inf
290	1.543	1176	424.77	0.000	0	inf
291	1.632	1167	401.53	0.000	0	inf
292	1.401	1066	473.61	0.000	0	inf
293	1.476	1079	449.57	0.000	0	inf
294	1.505	1090	440.85	0.000	0	inf
295	1.534	1109	432.46	0.000	0	inf
296	1.539	1117	431.17	0.000	0	inf
297	1.539	1122	431.10	0.000	0	inf
298	1.528	1179	434.30	0.000	0	inf
299	1.590	1168	417.29	0.000	0	inf
300	1.715	1185	386.95	0.000	0	inf
