1	0.000	0.000	0.012	0.117
2	0.000	0.092	0.624	0.520
3	0.000	0.078	0.579	0.340
4	0.000	0.091	0.554	0.447
5	0.000	0.124	0.688	0.584
6	0.000	0.117	0.636	0.597
7	0.000	0.101	0.552	0.444
8	0.000	0.127	0.614	0.478
9	0.000	0.150	0.689	0.600
10	0.000	0.155	0.663	0.570
11	0.000	0.167	0.803	0.669
12	0.000	0.201	0.774	0.781
13	0.000	0.211	0.705	0.752
14	0.000	0.160	0.726	0.566
15	0.000	0.249	0.839	0.875
16	0.000	0.209	0.784	0.776
17	0.000	0.221	0.799	0.779
18	0.000	0.211	0.722	0.703
19	0.000	0.247	0.877	0.861
20	0.000	0.265	0.837	0.857
21	0.000	0.260	0.881	0.892
22	0.000	0.251	0.837	0.836
23	0.000	0.158	0.660	0.529
24	0.000	0.292	0.904	0.949
25	0.000	0.222	0.806	0.699
26	0.000	0.249	0.788	0.735
27	0.000	0.264	0.896	0.888
28	0.000	0.242	0.900	0.809
29	0.000	0.241	0.778	0.711
30	0.000	0.333	0.892	0.932
31	0.000	0.320	0.908	0.912
32	0.000	0.362	0.913	1.036
33	0.000	0.382	0.943	1.127
34	0.000	0.397	0.971	1.152
35	0.000	0.252	0.915	0.769
36	0.000	0.375	0.941	1.084
37	0.000	0.420	1.015	1.118
38	0.000	0.451	1.040	1.229
39	0.000	0.443	1.023	1.253
40	0.000	0.430	1.018	1.158
41	0.000	0.433	1.039	1.192
42	0.000	0.379	0.989	1.056
43	0.000	0.444	0.975	1.182
44	0.000	0.437	0.977	1.168
45	0.000	0.438	0.995	1.123
46	0.000	0.546	1.061	1.415
47	0.000	0.520	1.072	1.303
48	0.000	0.550	1.115	1.382
49	0.000	0.573	1.087	1.444
50	0.000	0.568	1.053	1.463
51	0.000	0.528	1.160	1.350
52	0.000	0.603	1.146	1.528
53	0.000	0.593	1.139	1.420
54	0.000	0.583	1.174	1.463
55	0.000	0.639	1.172	1.526
56	0.000	0.604	1.187	1.504
57	0.000	0.651	1.225	1.657
58	0.000	0.636	1.184	1.605
59	0.000	0.683	1.205	1.652
60	0.000	0.683	1.203	1.612
61	0.000	0.616	1.143	1.490
62	0.000	0.639	1.092	1.492
63	0.000	0.661	1.186	1.498
64	0.000	0.310	1.133	0.963
65	0.000	0.441	1.029	1.201
66	0.000	0.461	1.106	1.250
67	0.000	0.440	1.083	1.196
68	0.000	0.454	1.080	1.199
69	0.000	0.418	1.088	1.144
70	0.000	0.367	1.057	1.020
71	0.000	0.446	1.092	1.162
72	0.000	0.534	1.142	1.393
73	0.000	0.499	1.438	1.382
74	0.000	0.526	1.213	1.370
75	0.000	0.508	1.243	1.332
76	0.000	0.382	1.083	1.031
77	0.000	0.475	1.186	1.227
78	0.000	0.576	1.187	1.478
79	0.000	0.674	1.322	1.640
80	0.000	0.560	1.506	1.481
81	0.000	0.638	1.347	1.569
82	0.000	0.443	1.191	1.155
83	0.000	0.602	1.360	1.585
84	0.000	0.685	1.384	1.647
85	0.000	0.642	1.327	1.631
86	0.000	0.694	1.362	1.658
87	0.000	0.731	1.472	1.850
88	0.000	0.683	1.332	1.620
89	0.000	0.893	1.730	2.085
90	0.000	0.619	1.340	1.536
91	0.000	0.798	1.462	1.942
92	0.000	0.928	1.529	2.142
93	0.000	0.868	1.493	2.012
94	0.000	0.910	1.571	2.144
95	0.000	0.929	1.522	2.117
96	0.000	0.947	1.588	2.265
97	0.000	0.926	1.529	2.194
98	0.000	0.873	1.556	2.093
99	0.000	0.907	1.499	2.109
100	0.000	0.969	1.575	2.239
101	0.000	0.882	1.521	2.050
102	0.000	0.993	1.588	2.300
103	0.000	1.055	1.581	2.403
104	0.000	1.103	1.657	2.501
105	0.000	1.100	1.765	2.494
106	0.000	1.053	1.587	2.400
107	0.000	1.090	1.623	2.454
108	0.000	1.148	1.703	2.611
109	0.000	1.175	1.706	2.622
110	0.000	1.103	1.622	2.505
111	0.000	1.155	1.718	2.678
112	0.000	1.076	1.613	2.386
113	0.000	1.168	1.770	2.618
114	0.000	1.203	1.718	2.767
115	0.000	1.294	1.836	2.886
116	0.000	1.266	1.691	2.790
117	0.000	1.284	1.779	2.825
118	0.000	1.391	1.918	3.027
119	0.000	1.392	1.898	3.020
120	0.000	1.315	1.853	2.893
121	0.000	1.273	1.781	2.844
122	0.000	1.297	1.805	2.860
123	0.000	1.362	1.766	2.958
124	0.000	1.377	1.859	3.024
125	0.000	1.414	1.914	3.085
126	0.000	1.436	1.867	3.204
127	0.000	1.439	2.012	3.145
128	0.000	1.399	1.734	3.035
129	0.000	1.525	1.998	3.283
130	0.000	1.438	1.971	3.122
131	0.000	1.361	1.913	3.075
132	0.000	1.563	1.990	3.415
133	0.000	1.427	1.878	3.178
134	0.000	1.518	1.870	3.353
135	0.000	1.582	2.026	3.473
136	0.000	1.493	1.925	3.272
137	0.000	1.496	1.842	3.224
138	0.000	1.589	1.926	3.423
139	0.000	1.552	1.924	3.365
140	0.000	1.594	1.971	3.497
141	0.000	1.371	1.747	3.038
142	0.000	1.595	1.933	3.419
143	0.000	1.586	1.946	3.417
144	0.000	1.627	2.002	3.534
145	0.000	1.615	1.947	3.435
146	0.000	1.676	2.003	3.614
147	0.000	1.792	2.154	3.848
148	0.000	1.502	1.788	3.262
149	0.000	1.715	1.938	3.661
150	0.000	1.725	1.954	3.632
151	0.000	1.784	2.040	3.831
152	0.000	1.756	1.962	3.704
153	0.000	1.894	2.175	3.971
154	0.000	1.739	2.025	3.774
155	0.000	1.760	1.947	3.799
156	0.000	1.828	2.037	3.886
157	0.000	1.787	1.895	3.805
158	0.000	1.939	2.140	4.114
159	0.000	1.967	2.165	4.281
160	0.000	1.982	2.094	4.224
161	0.000	1.977	2.155	4.163
162	0.000	1.975	2.148	4.274
163	0.000	2.026	2.139	4.297
164	0.000	2.104	2.119	4.480
165	0.000	2.088	2.207	4.489
166	0.000	2.175	2.323	4.730
167	0.000	2.102	2.249	4.587
168	0.000	2.083	2.228	4.373
169	0.000	2.165	2.195	4.614
170	0.000	2.067	2.265	4.505
171	0.000	2.195	2.337	4.641
172	0.000	2.258	2.454	4.755
173	0.000	2.248	2.370	4.799
174	0.000	2.252	2.368	4.819
175	0.000	2.307	2.406	4.872
176	0.000	2.213	2.354	4.675
177	0.000	2.202	2.339	4.812
178	0.000	2.305	2.373	4.927
179	0.000	2.142	2.315	4.626
180	0.000	2.428	2.469	5.062
181	0.000	2.429	2.503	5.061
182	0.000	2.477	2.484	5.200
183	0.000	2.291	2.407	4.925
184	0.000	2.439	2.453	5.179
185	0.000	2.386	2.416	5.078
186	0.000	2.459	2.469	5.217
187	0.000	2.359	2.470	5.053
188	0.000	2.362	2.319	4.976
189	0.000	2.559	2.475	5.351
190	0.000	2.570	2.459	5.351
191	0.000	2.561	2.442	5.391
192	0.000	2.557	2.456	5.318
193	0.000	2.551	2.518	5.444
194	0.000	2.509	2.456	5.335
195	0.000	2.580	2.447	5.443
196	0.000	2.435	2.396	5.091
197	0.000	2.579	2.533	5.415
198	0.000	2.666	2.534	5.596
199	0.000	2.687	2.554	5.596
200	0.000	2.635	2.540	5.698
201	0.000	2.655	2.626	5.678
202	0.000	2.699	2.504	5.595
203	0.000	2.791	2.585	5.865
204	0.000	2.667	2.613	5.729
205	0.000	2.703	2.565	5.670
206	0.000	2.810	2.570	5.887
207	0.000	2.738	2.573	5.805
208	0.000	2.869	2.639	5.899
209	0.000	2.865	2.587	5.984
210	0.000	2.711	2.503	5.756
211	0.000	2.828	2.616	5.940
212	0.000	2.802	2.472	5.835
213	0.000	2.806	2.625	5.923
214	0.000	2.870	2.628	5.975
215	0.000	2.912	2.624	6.089
216	0.000	2.886	2.630	6.074
217	0.000	2.856	2.569	6.005
218	0.000	2.815	2.559	5.913
219	0.000	2.988	2.690	6.212
220	0.000	3.044	2.698	6.329
221	0.000	3.002	2.711	6.244
222	0.000	2.932	2.647	6.158
223	0.000	2.903	2.598	6.096
224	0.000	3.033	2.684	6.321
225	0.000	2.980	2.586	6.204
226	0.000	3.061	2.647	6.313
227	0.000	3.082	2.763	6.332
228	0.000	3.059	2.643	6.355
229	0.000	2.990	2.692	6.257
230	0.000	3.187	2.798	6.618
231	0.000	3.083	2.695	6.479
232	0.000	3.060	2.688	6.404
233	0.000	3.109	2.717	6.545
234	0.000	3.142	2.774	6.603
235	0.000	3.074	2.637	6.417
236	0.000	3.137	2.690	6.488
237	0.000	3.094	2.660	6.458
238	0.000	3.154	2.698	6.550
239	0.000	3.078	2.663	6.448
240	0.000	3.220	2.704	6.655
241	0.000	3.225	2.736	6.771
242	0.000	3.206	2.729	6.640
243	0.000	3.279	2.743	6.771
244	0.000	3.275	2.790	7.050
245	0.000	3.186	2.749	6.771
246	0.000	3.264	2.724	6.981
247	0.000	0.891	1.953	2.196
248	0.000	1.045	1.778	2.408
249	0.000	1.073	1.804	2.469
250	0.000	1.137	1.865	2.618
251	0.000	0.977	1.792	2.301
252	0.000	1.143	1.952	2.635
253	0.000	1.078	1.979	2.503
254	0.000	1.210	1.897	2.752
255	0.000	1.062	2.126	2.530
256	0.000	1.200	1.928	2.758
257	0.000	1.268	2.028	2.867
258	0.000	1.332	2.063	2.973
259	0.000	1.325	2.065	2.978
260	0.000	1.355	2.045	3.012
261	0.000	1.370	2.084	3.072
262	0.000	1.408	2.117	3.092
263	0.000	1.217	2.385	2.912
264	0.000	1.284	2.038	2.919
265	0.000	1.462	2.208	3.272
266	0.000	1.304	2.071	2.952
267	0.000	1.433	2.165	3.227
268	0.000	1.408	2.154	3.144
269	0.000	1.434	2.172	3.277
270	0.000	1.465	2.207	3.235
271	0.000	1.533	2.222	3.402
272	0.000	1.520	2.230	3.368
273	0.000	1.540	2.297	3.468
274	0.000	1.272	2.402	2.960
275	0.000	1.428	2.166	3.213
276	0.000	1.467	2.242	3.260
277	0.000	1.383	2.190	3.154
278	0.000	1.467	2.287	3.305
279	0.000	1.530	2.314	3.415
280	0.000	1.424	2.229	3.198
281	0.000	1.523	2.279	3.436
282	0.000	1.526	2.219	3.362
283	0.000	1.478	2.243	3.324
284	0.000	1.371	2.177	3.100
285	0.000	1.543	2.310	3.427
286	0.000	1.531	2.337	3.453
287	0.000	1.638	2.442	3.665
288	0.000	1.556	2.305	3.493
289	0.000	1.622	2.365	3.628
290	0.000	1.543	2.308	3.445
291	0.000	1.632	2.380	3.706
292	0.000	1.401	2.631	3.298
293	0.000	1.476	2.344	3.370
294	0.000	1.505	2.395	3.467
295	0.000	1.534	2.289	3.477
296	0.000	1.539	2.347	3.457
297	0.000	1.539	2.417	3.482
298	0.000	1.528	2.436	3.432
299	0.000	1.590	2.497	3.605
300	0.000	1.715	2.521	3.805
