1	54215	10882	142
2	54193	10886	146
3	54231	10880	149
4	54226	10881	152
5	54227	10881	155
6	54205	10885	158
7	54209	10885	161
8	54205	10886	164
9	54204	10886	167
10	54239	10879	170
11	54758	10882	184
12	54731	10888	187
13	54718	10890	190
14	54721	10890	193
15	54736	10888	196
16	54749	10886	199
17	54739	10888	202
18	54749	10886	205
19	54742	10887	208
20	54751	10886	211
21	54739	10888	214
22	54751	10887	217
23	54746	10888	220
24	54730	10891	223
25	54750	10888	226
26	54788	10881	229
27	54748	10889	232
28	54764	10886	235
29	54830	10875	238
30	54788	10884	241
31	54761	10890	244
32	54768	10888	247
33	54779	10887	250
34	54767	10890	253
35	54776	10888	256
36	54783	10885	259
37	54793	10884	262
38	54801	10882	265
39	54807	10882	268
40	54815	10880	271
41	54805	10882	274
42	54769	10890	277
43	54787	10887	280
44	54801	10884	283
45	54796	10885	286
46	54801	10884	289
47	54777	10889	292
48	54796	10886	295
49	54805	10884	298
50	54796	10886	301
51	54772	10891	304
52	54814	10883	307
53	54792	10888	310
54	54810	10885	313
55	54811	10885	316
56	54804	10887	319
57	54919	10864	322
58	54888	10871	325
59	54848	10879	328
60	54799	10889	331
61	54815	10888	334
62	54797	10891	337
63	54815	10889	340
64	57831	10910	361
65	57835	10909	365
66	57851	10907	368
67	57825	10912	371
68	57822	10913	374
69	57825	10913	377
70	57999	10880	381
71	57835	10911	384
72	57820	10914	387
73	58720	10913	402
74	58730	10911	406
75	58752	10907	412
76	58725	10913	416
77	58735	10911	419
78	58728	10913	423
79	58779	10904	427
80	59428	10909	442
81	59386	10917	446
82	59398	10916	450
83	59426	10911	454
84	59597	10881	459
85	59455	10907	463
86	59446	10909	467
87	59440	10910	471
88	59465	10906	475
89	59712	10862	483
90	59463	10907	487
91	59437	10912	491
92	59530	10896	495
93	59420	10916	498
94	59502	10901	502
95	59452	10910	505
96	59455	10910	508
97	59556	10892	512
98	59521	10898	516
99	59564	10891	520
100	59466	10909	523
101	59473	10908	527
102	59471	10909	530
103	59498	10904	533
104	59527	10899	536
105	59477	10908	539
106	59452	10913	542
107	59451	10913	545
108	59533	10898	549
109	59446	10914	552
110	59466	10910	555
111	59447	10914	558
112	59487	10907	561
113	59483	10908	564
114	59494	10906	567
115	59513	10902	570
116	59493	10906	573
117	59455	10913	576
118	59476	10909	579
119	59470	10911	582
120	59475	10910	585
121	59480	10909	588
122	59518	10902	591
123	59542	10898	594
124	59481	10910	597
125	59480	10910	600
126	59480	10910	603
127	59477	10910	606
128	59475	10911	609
129	59500	10906	612
130	59463	10913	615
131	59475	10911	618
132	59491	10908	621
133	59481	10910	624
134	59500	10907	627
135	59508	10905	630
136	59484	10909	633
137	59480	10910	636
138	59522	10902	639
139	59487	10909	642
140	59467	10912	645
141	59544	10898	648
142	59490	10908	651
143	59468	10913	654
144	59504	10906	657
145	59489	10909	660
146	59479	10911	663
147	59540	10900	666
148	59510	10905	669
149	59493	10909	672
150	59464	10914	675
151	59516	10905	678
152	59479	10912	681
153	59526	10903	684
154	59517	10905	687
155	59504	10907	690
156	59510	10906	693
157	59479	10912	696
158	59486	10911	699
159	59480	10912	702
160	59498	10909	705
161	59487	10911	708
162	59488	10911	711
163	59469	10914	714
164	59517	10906	717
165	59509	10907	720
166	59489	10911	723
167	59500	10909	726
168	59475	10914	729
169	59503	10909	732
170	59493	10911	735
171	59490	10911	738
172	59525	10905	741
173	59506	10909	744
174	59483	10913	747
175	59547	10901	750
176	59704	10873	754
177	59517	10907	757
178	59518	10907	760
179	59494	10911	763
180	59505	10909	766
181	59564	10898	769
182	59649	10883	773
183	59606	10891	776
184	59505	10909	779
185	59573	10897	782
186	59493	10912	785
187	59520	10907	788
188	59510	10909	791
189	59678	10878	795
190	59512	10910	798
191	59522	10908	801
192	59553	10903	804
193	59538	10906	807
194	59505	10912	810
195	59513	10911	813
196	59512	10912	816
197	59520	10910	819
198	59514	10912	822
199	59531	10909	825
200	59500	10914	828
201	59532	10909	831
202	59516	10912	834
203	59524	10910	837
204	59538	10908	840
205	59573	10902	843
206	59523	10911	846
207	59533	10909	850
208	59529	10910	853
209	59644	10890	856
210	59522	10912	859
211	59535	10910	862
212	59565	10905	865
213	59564	10905	868
214	59594	10900	871
215	59546	10909	874
216	59562	10906	877
217	59616	10896	880
218	59553	10908	883
219	59582	10903	886
220	59556	10908	889
221	59558	10907	892
222	59550	10909	895
223	59583	10903	898
224	59585	10903	901
225	59593	10902	904
226	59620	10897	907
227	59536	10913	910
228	59533	10913	913
229	59542	10912	916
230	59661	10890	919
231	59666	10889	922
232	59544	10912	925
233	59558	10909	928
234	59661	10890	931
235	59514	10917	934
236	59542	10912	937
237	59540	10913	940
238	59533	10914	943
239	59537	10913	946
240	59544	10912	949
241	59549	10912	952
242	59571	10907	955
243	59556	10910	958
244	59541	10913	961
245	59592	10904	964
246	59563	10910	967
247	60288	10915	982
248	60341	10906	986
249	60341	10906	990
250	60558	10868	994
251	60325	10910	998
252	60375	10901	1002
253	60334	10909	1006
254	60390	10899	1010
255	61076	10907	1026
256	61085	10906	1030
257	61075	10908	1034
258	61063	10911	1038
259	61079	10908	1042
260	61069	10910	1046
261	61070	10910	1050
262	61078	10909	1054
263	62085	10904	1070
264	62073	10906	1074
265	62067	10907	1078
266	62080	10905	1082
267	62097	10902	1086
268	62115	10900	1090
269	62080	10906	1094
270	62132	10897	1098
271	62111	10901	1102
272	62086	10905	1106
273	62110	10901	1110
274	63019	10901	1128
275	63068	10892	1133
276	63026	10899	1137
277	62999	10904	1141
278	63045	10896	1145
279	63038	10898	1149
280	63028	10900	1153
281	63021	10901	1157
282	63029	10900	1161
283	63075	10892	1165
284	63023	10902	1169
285	63029	10901	1173
286	63005	10905	1177
287	63088	10891	1181
288	63017	10903	1185
289	63021	10902	1189
290	63090	10891	1193
291	63024	10902	1197
292	63815	10900	1215
293	63816	10900	1220
294	63817	10900	1224
295	63808	10902	1228
296	63804	10903	1232
297	63785	10906	1236
298	63922	10883	1241
299	63787	10906	1245
300	63810	10902	1249
