1	0.000	0	inf
2	0.030	142	18732.43
3	0.027	146	21079.83
4	0.037	149	15297.82
5	0.031	152	17964.34
6	0.036	155	15705.68
7	0.044	158	12816.80
8	0.026	161	21839.72
9	0.026	164	21454.22
10	0.035	167	16208.63
11	0.039	169	14561.86
12	0.039	184	14518.34
13	0.045	189	12742.61
14	0.048	191	11956.44
15	0.053	194	10633.26
16	0.048	197	11823.16
17	0.048	200	11940.85
18	0.046	203	12475.55
19	0.042	206	13603.49
20	0.047	209	12188.87
21	0.055	212	10267.83
22	0.038	215	15041.45
23	0.051	218	11198.17
24	0.049	220	11662.65
25	0.041	223	13703.46
26	0.040	226	14255.79
27	0.044	229	12815.81
28	0.050	234	11351.80
29	0.037	236	15199.85
30	0.049	244	11707.69
31	0.054	242	10438.29
32	0.062	248	9247.36
33	0.065	251	8702.52
34	0.076	258	7444.72
35	0.051	259	11244.64
36	0.063	269	9069.79
37	0.086	271	6647.96
38	0.075	277	7556.36
39	0.088	283	6445.17
40	0.057	287	9909.73
41	0.060	295	9448.96
42	0.062	297	9143.24
43	0.069	303	8196.75
44	0.058	307	9841.31
45	0.077	313	7424.88
46	0.094	314	6038.31
47	0.084	321	6799.10
48	0.079	331	7168.85
49	0.073	334	7765.28
50	0.110	338	5187.35
51	0.081	345	6995.02
52	0.114	348	4992.59
53	0.085	361	6709.69
54	0.090	363	6327.78
55	0.090	365	6299.28
56	0.092	373	6189.61
57	0.129	389	4425.42
58	0.109	396	5208.52
59	0.123	406	4618.56
60	0.076	411	7515.02
61	0.104	426	5492.32
62	0.115	448	4943.58
63	0.074	450	7677.39
64	0.068	271	8817.57
65	0.076	288	7958.89
66	0.080	302	7503.03
67	0.075	310	8044.48
68	0.067	310	9030.18
69	0.062	309	9667.89
70	0.062	328	9755.18
71	0.083	326	7214.39
72	0.090	333	6664.07
73	0.090	337	6815.04
74	0.076	358	8069.87
75	0.069	366	8891.97
76	0.071	375	8563.10
77	0.069	380	8895.37
78	0.090	391	6798.78
79	0.089	404	6874.58
80	0.090	395	6850.59
81	0.098	401	6327.57
82	0.074	410	8355.76
83	0.108	423	5733.69
84	0.101	454	6106.76
85	0.122	451	5053.58
86	0.102	473	6046.60
87	0.121	469	5100.37
88	0.119	480	5200.66
89	0.143	537	4318.55
90	0.130	525	4762.51
91	0.146	533	4233.97
92	0.147	563	4216.64
93	0.138	563	4495.15
94	0.132	577	4701.10
95	0.117	586	5309.02
96	0.175	595	3531.87
97	0.145	610	4255.30
98	0.141	625	4394.38
99	0.182	646	3396.40
100	0.144	636	4285.69
101	0.142	653	4355.10
102	0.159	674	3885.57
103	0.182	698	3394.73
104	0.203	709	3053.50
105	0.190	726	3253.45
106	0.202	732	3068.98
107	0.211	723	2932.44
108	0.185	746	3349.35
109	0.219	768	2824.33
110	0.183	785	3373.75
111	0.214	788	2892.70
112	0.154	810	4023.30
113	0.184	816	3364.65
114	0.235	835	2633.70
115	0.233	841	2651.88
116	0.248	833	2498.33
117	0.211	861	2930.98
118	0.259	868	2389.06
119	0.243	872	2548.84
120	0.194	886	3197.14
121	0.207	888	2987.91
122	0.202	910	3067.80
123	0.184	950	3364.82
124	0.210	937	2941.26
125	0.210	945	2948.28
126	0.229	968	2700.50
127	0.214	994	2896.28
128	0.243	994	2546.86
129	0.287	990	2159.27
130	0.211	1009	2929.86
131	0.273	1031	2268.04
132	0.247	1016	2503.15
133	0.268	1052	2305.99
134	0.280	1068	2209.23
135	0.269	1076	2300.42
136	0.237	1084	2616.15
137	0.271	1090	2283.02
138	0.265	1116	2338.41
139	0.272	1139	2279.16
140	0.290	1133	2137.58
141	0.289	1160	2141.08
142	0.267	1161	2314.77
143	0.284	1156	2177.52
144	0.264	1174	2348.06
145	0.245	1203	2530.47
146	0.306	1216	2023.23
147	0.298	1212	2079.41
148	0.287	1235	2154.46
149	0.283	1257	2185.03
150	0.307	1266	2016.47
151	0.301	1297	2055.96
152	0.295	1306	2094.88
153	0.270	1340	2295.21
154	0.300	1331	2060.09
155	0.300	1344	2061.09
156	0.293	1369	2115.28
157	0.289	1394	2144.34
158	0.289	1407	2144.85
159	0.322	1445	1922.96
160	0.338	1474	1833.29
161	0.301	1490	2057.00
162	0.355	1503	1744.79
163	0.332	1499	1864.02
164	0.360	1504	1719.52
165	0.365	1515	1694.26
166	0.363	1536	1706.36
167	0.320	1541	1934.68
168	0.342	1537	1807.80
169	0.366	1561	1689.17
170	0.327	1590	1891.51
171	0.315	1600	1965.48
172	0.330	1614	1873.24
173	0.372	1640	1662.47
174	0.361	1646	1713.49
175	0.381	1653	1625.60
176	0.382	1679	1618.69
177	0.311	1686	1989.61
178	0.354	1702	1748.13
179	0.342	1709	1812.85
180	0.378	1738	1636.41
181	0.375	1777	1650.39
182	0.409	1773	1513.76
183	0.390	1760	1585.91
184	0.402	1803	1541.65
185	0.404	1805	1533.61
186	0.412	1799	1503.89
187	0.405	1827	1528.01
188	0.402	1870	1541.06
189	0.429	1920	1441.66
190	0.395	1888	1567.14
191	0.416	1897	1488.03
192	0.415	1877	1491.36
193	0.432	1934	1432.85
194	0.426	1943	1454.29
195	0.416	1946	1488.70
196	0.394	1948	1570.51
197	0.406	1969	1525.32
198	0.423	1986	1463.22
199	0.428	2002	1445.47
200	0.430	2012	1439.91
201	0.415	2030	1492.29
202	0.424	2042	1461.54
203	0.381	2086	1626.68
204	0.431	2119	1438.35
205	0.432	2113	1435.18
206	0.450	2132	1375.36
207	0.475	2141	1304.03
208	0.461	2157	1344.20
209	0.476	2169	1302.28
210	0.481	2159	1288.54
211	0.490	2193	1264.07
212	0.488	2197	1268.82
213	0.485	2174	1277.07
214	0.480	2168	1291.69
215	0.472	2228	1313.61
216	0.496	2239	1247.88
217	0.490	2244	1265.13
218	0.483	2236	1282.28
219	0.474	2256	1306.22
220	0.512	2293	1209.54
221	0.491	2284	1261.87
222	0.502	2310	1232.97
223	0.488	2312	1269.62
224	0.519	2326	1193.44
225	0.502	2332	1235.38
226	0.494	2319	1253.12
227	0.527	2347	1175.47
228	0.520	2379	1191.83
229	0.512	2373	1209.75
230	0.539	2434	1149.07
231	0.538	2381	1152.77
232	0.515	2366	1202.58
233	0.539	2415	1148.73
234	0.517	2421	1197.68
235	0.514	2410	1204.69
236	0.536	2436	1157.15
237	0.548	2435	1131.70
238	0.529	2472	1170.72
239	0.521	2484	1190.29
240	0.543	2485	1140.79
241	0.543	2517	1140.90
242	0.528	2532	1174.51
243	0.542	2512	1143.20
244	0.510	2549	1215.71
245	0.481	2555	1289.41
246	0.540	2574	1148.41
247	0.135	614	4637.80
248	0.145	658	4328.24
249	0.166	670	3788.12
250	0.184	716	3406.95
251	0.135	727	4636.36
252	0.151	743	4152.17
253	0.153	757	4105.53
254	0.169	795	3705.26
255	0.161	763	3936.66
256	0.181	815	3506.15
257	0.198	841	3212.05
258	0.195	851	3265.26
259	0.203	863	3128.67
260	0.211	886	3009.75
261	0.215	910	2961.72
262	0.213	924	2981.02
263	0.202	877	3202.71
264	0.196	913	3301.26
265	0.233	933	2769.64
266	0.175	949	3697.20
267	0.214	959	3020.33
268	0.234	997	2764.89
269	0.237	1004	2720.29
270	0.222	1035	2909.84
271	0.238	1038	2716.90
272	0.235	1056	2748.55
273	0.237	1058	2724.71
274	0.199	940	3291.75
275	0.233	966	2809.27
276	0.233	982	2814.64
277	0.222	995	2944.79
278	0.224	1002	2919.70
279	0.232	1021	2824.60
280	0.219	1030	2989.96
281	0.248	1065	2646.59
282	0.251	1063	2611.27
283	0.234	1084	2802.22
284	0.205	1085	3193.95
285	0.245	1103	2673.98
286	0.233	1100	2809.17
287	0.258	1148	2537.90
288	0.252	1137	2598.03
289	0.250	1132	2626.04
290	0.258	1176	2543.07
291	0.269	1167	2439.66
292	0.236	1066	2812.04
293	0.234	1079	2836.71
294	0.255	1090	2603.66
295	0.240	1109	2766.93
296	0.241	1117	2750.50
297	0.225	1122	2945.35
298	0.226	1179	2933.69
299	0.237	1168	2801.22
300	0.229	1185	2895.41
