1	875.16	573.15	4823.25	600.36	-nan	-nan	inf	inf	48771.41	252.54	786.43	175.20
2	1386.01	716.93	1082.70	471.71	0.00	-nan	inf	6098.70	901.77	467.74	31735.25	222.54
3	1450.30	715.95	1656.16	505.11	0.00	-nan	inf	7233.55	972.33	495.66	33574.29	231.66
4	1310.83	734.96	1259.02	478.95	0.00	-nan	inf	6210.50	1015.38	538.49	14203.51	226.70
5	1342.66	724.46	963.32	439.04	0.00	-nan	inf	4553.74	818.08	462.07	31027.51	208.60
6	1261.44	726.35	942.82	431.36	0.00	-nan	inf	4824.50	885.29	423.28	29698.88	209.92
7	1423.60	715.41	1268.41	484.13	0.00	-nan	inf	5573.01	1019.78	415.43	48224.73	217.56
8	1346.26	748.34	1178.23	564.65	0.00	-nan	inf	4438.82	916.15	437.18	75263.36	222.78
9	1292.08	737.73	938.32	429.47	0.00	-nan	inf	3749.30	816.78	415.79	74872.82	210.73
10	1313.98	742.24	988.12	471.52	0.00	-nan	inf	3625.42	849.12	504.07	31365.72	217.79
11	1131.60	643.75	849.51	528.36	0.00	-nan	inf	3396.71	707.55	354.64	7095.58	182.90
12	1144.08	695.73	727.43	423.12	0.00	-nan	inf	2830.59	734.73	476.65	39135.13	198.76
13	1187.12	689.73	755.54	427.71	0.00	-nan	inf	2698.88	806.42	449.89	15030.95	195.23
14	1281.37	704.59	1003.79	437.10	0.00	-nan	inf	3547.22	783.01	443.46	15685.53	211.56
15	1116.83	661.74	649.56	402.62	0.00	-nan	inf	2283.77	677.82	471.55	17273.03	191.56
16	1138.97	705.87	732.17	421.35	0.00	-nan	inf	2721.47	725.07	509.66	69982.57	197.05
17	1089.06	661.56	729.84	665.92	0.00	-nan	inf	2567.72	711.51	433.72	32772.61	194.29
18	1169.57	692.81	808.58	439.92	0.00	-nan	inf	2689.56	786.91	471.42	50220.75	201.38
19	1115.54	657.89	660.29	404.46	0.00	-nan	inf	2301.45	647.82	452.48	32639.00	188.80
20	1091.67	650.86	663.59	421.73	0.00	-nan	inf	2141.17	679.38	465.79	28839.56	195.79
21	1062.22	653.21	636.98	423.85	0.00	-nan	inf	2188.13	644.96	422.23	31253.44	189.11
22	1088.06	642.88	679.95	635.98	0.00	-nan	inf	2261.34	679.37	418.94	47156.91	189.53
23	1239.49	724.23	1074.45	453.45	0.00	-nan	inf	3591.88	861.20	458.37	17371.09	212.84
24	1068.20	633.60	599.08	405.25	0.00	-nan	inf	1947.34	628.58	409.06	30006.13	182.03
25	1086.88	635.11	813.21	582.89	0.00	-nan	inf	2560.48	705.11	397.28	37022.38	194.24
26	1082.02	678.83	773.37	470.42	0.00	-nan	inf	2279.40	721.29	457.92	29555.79	200.26
27	1056.03	650.73	640.07	446.26	0.00	-nan	inf	2151.29	634.50	404.64	35453.68	184.86
28	1114.87	705.62	702.84	430.31	0.00	-nan	inf	2346.63	631.80	426.74	29001.97	189.71
29	1216.24	684.75	799.76	594.91	0.00	-nan	inf	2359.63	730.53	458.01	13208.34	198.77
30	1077.55	628.18	610.46	422.47	0.00	-nan	inf	1709.51	637.38	439.22	29748.45	191.56
31	1174.14	662.53	623.38	405.32	0.00	-nan	inf	1776.72	626.26	403.68	30380.90	184.81
32	1046.68	639.08	549.14	437.16	0.00	-nan	inf	1570.51	622.69	429.56	20998.35	185.15
33	1042.33	639.49	504.67	418.40	0.00	-nan	inf	1490.75	603.22	434.72	30482.84	183.38
34	1098.21	615.66	493.55	400.00	0.00	-nan	inf	1431.29	585.81	386.24	19847.13	171.68
35	1057.57	583.76	739.38	620.88	0.00	-nan	inf	2257.81	621.47	406.72	16890.33	177.59
36	1053.15	608.76	524.74	576.85	0.00	-nan	inf	1517.38	604.71	370.01	21789.60	166.33
37	1062.60	622.91	508.58	406.20	0.00	-nan	inf	1354.99	560.14	433.42	36245.21	182.43
38	944.01	581.84	462.92	387.99	0.00	-nan	inf	1260.64	546.67	406.91	30179.34	170.82
39	923.71	594.36	453.90	410.94	0.00	-nan	inf	1284.24	555.83	421.33	27769.31	164.56
40	902.30	591.09	491.31	457.89	0.00	-nan	inf	1323.91	558.84	405.22	29789.40	176.24
41	913.27	565.73	477.04	416.00	0.00	-nan	inf	1314.63	547.59	407.23	66895.05	170.22
42	1045.15	658.28	538.59	495.76	0.00	-nan	inf	1502.04	575.19	463.40	21897.38	182.79
43	943.55	601.33	481.40	384.04	0.00	-nan	inf	1279.96	583.51	372.51	75572.99	171.26
44	1011.28	610.54	487.03	432.70	0.00	-nan	inf	1300.66	582.06	429.79	13755.90	179.50
45	1109.95	601.91	506.75	396.66	0.00	-nan	inf	1298.09	571.98	380.66	15407.84	174.08
46	958.02	589.47	402.14	390.57	0.00	-nan	inf	1042.58	536.18	427.21	14265.30	170.46
47	946.33	571.67	436.67	607.65	0.00	-nan	inf	1094.59	530.45	391.45	12784.39	167.55
48	862.77	564.78	411.70	612.27	0.00	-nan	inf	1033.92	510.06	401.62	30871.92	167.78
49	914.52	587.82	393.92	372.84	0.00	-nan	inf	992.31	523.31	424.18	30081.80	166.51
50	956.95	599.58	388.74	465.63	0.00	-nan	inf	1001.45	540.02	462.75	29869.60	167.55
51	918.28	546.39	421.36	399.61	0.00	-nan	inf	1076.85	490.54	422.61	30856.15	163.42
52	876.26	532.73	372.29	415.20	0.00	-nan	inf	943.85	496.60	408.90	17762.64	157.73
53	914.73	570.11	400.68	396.80	0.00	-nan	inf	960.23	499.68	417.25	15213.22	165.70
54	873.72	574.33	388.98	600.05	0.00	-nan	inf	976.33	484.67	391.41	35330.28	160.60
55	871.05	562.55	372.90	387.94	0.00	-nan	inf	890.89	485.56	397.75	30757.50	156.38
56	878.00	576.41	378.30	382.05	0.00	-nan	inf	942.71	479.52	405.06	22701.01	160.05
57	998.52	535.41	343.50	407.65	0.00	-nan	inf	873.80	464.56	380.96	16750.35	148.24
58	979.08	557.83	354.45	395.89	0.00	-nan	inf	894.31	480.46	410.25	29719.16	152.95
59	858.49	545.13	344.38	382.23	0.00	-nan	inf	833.05	472.33	399.02	47925.09	153.71
60	880.48	596.97	353.06	366.12	0.00	-nan	inf	832.98	472.94	394.06	13859.43	156.73
61	912.42	547.37	382.00	399.20	0.00	-nan	inf	923.56	498.12	410.23	32531.99	162.92
62	962.59	600.59	381.60	367.11	0.00	-nan	inf	890.23	521.27	368.39	30229.40	156.95
63	864.20	531.61	380.09	483.87	0.00	-nan	inf	861.36	480.00	449.72	34481.07	163.02
64	930.77	556.02	625.13	533.61	0.00	-nan	inf	1941.78	530.96	290.42	6723.00	156.50
65	985.17	604.53	501.20	461.30	0.00	-nan	inf	1364.67	584.96	479.59	31175.42	178.07
66	1047.17	612.83	481.30	367.61	0.00	-nan	inf	1304.83	544.28	428.51	33505.45	172.89
67	1003.02	645.62	503.08	406.01	0.00	-nan	inf	1366.62	555.54	432.39	36216.15	178.45
68	935.16	601.42	502.04	460.76	0.00	-nan	inf	1324.52	557.30	422.67	34336.53	175.11
69	998.46	606.36	526.06	475.72	0.00	-nan	inf	1440.40	553.08	468.59	45492.21	168.31
70	1075.68	610.93	589.74	516.25	0.00	-nan	inf	1638.10	569.37	413.74	21766.65	179.85
71	940.06	594.50	517.80	566.17	0.00	-nan	inf	1348.88	550.92	448.11	55495.22	183.61
72	925.81	581.63	432.15	377.08	0.00	-nan	inf	1127.65	527.12	439.61	39661.63	169.07
73	897.43	545.73	442.31	459.73	0.00	-nan	inf	1224.19	424.97	299.16	6877.31	145.79
74	889.73	588.67	446.13	392.73	0.00	-nan	inf	1162.89	503.82	419.17	25485.67	169.24
75	906.94	572.33	459.00	406.25	0.00	-nan	inf	1202.30	491.86	453.30	21555.05	167.61
76	1018.68	627.50	593.00	560.54	0.00	-nan	inf	1601.01	564.15	384.86	14325.02	183.60
77	969.30	643.45	498.09	396.05	0.00	-nan	inf	1286.80	515.34	491.42	33507.00	175.69
78	932.99	565.61	413.54	396.84	0.00	-nan	inf	1062.06	515.09	406.48	14656.75	167.84
79	884.36	535.66	372.74	391.23	0.00	-nan	inf	906.86	462.40	398.22	24689.38	161.57
80	871.75	505.41	417.44	361.13	0.00	-nan	inf	1104.04	410.57	301.63	8102.53	145.25
81	858.05	546.96	394.05	387.98	0.00	-nan	inf	969.19	459.20	398.01	24158.24	159.26
82	1311.74	618.68	535.34	396.22	0.00	-nan	inf	1395.85	519.08	415.80	25163.16	179.07
83	854.38	538.86	390.18	395.51	0.00	-nan	inf	1026.96	454.68	388.18	24319.77	154.57
84	858.60	547.88	375.39	393.71	0.00	-nan	inf	903.07	446.95	383.25	20824.91	158.06
85	852.05	543.22	379.22	452.43	0.00	-nan	inf	962.74	465.89	394.33	12339.03	159.78
86	867.48	519.94	372.99	472.64	0.00	-nan	inf	891.01	454.01	373.11	47762.50	153.87
87	848.03	503.92	334.26	370.13	0.00	-nan	inf	846.62	420.16	373.51	23863.57	147.61
88	966.72	552.82	381.69	376.81	0.00	-nan	inf	905.62	464.32	390.85	25052.67	161.22
89	803.48	495.27	296.65	392.02	0.00	-nan	inf	692.64	357.50	400.91	14350.62	141.36
90	1332.39	593.45	402.68	390.46	0.00	-nan	inf	999.87	461.59	464.08	20206.60	165.51
91	874.06	533.50	318.53	416.79	0.00	-nan	inf	775.41	423.15	358.51	34644.31	146.32
92	929.85	525.42	288.80	385.99	0.00	-nan	inf	666.47	404.50	381.52	18524.65	145.52
93	830.02	539.59	307.47	378.08	0.00	-nan	inf	713.05	414.42	436.07	44218.25	142.79
94	763.17	525.25	288.54	377.94	0.00	-nan	inf	680.05	393.69	380.64	24891.28	143.70
95	827.34	565.58	292.18	367.06	0.00	-nan	inf	666.18	406.49	443.34	69547.28	142.98
96	896.40	542.57	273.07	384.80	0.00	-nan	inf	653.00	389.55	496.59	51335.37	139.81
97	735.82	546.60	281.91	365.89	0.00	-nan	inf	667.78	404.63	342.85	24150.07	137.84
98	768.18	601.71	295.57	397.41	0.00	-nan	inf	709.03	397.61	376.17	25500.27	142.20
99	920.30	519.85	293.35	371.86	0.00	-nan	inf	682.05	412.81	358.04	28857.77	141.71
100	776.46	528.55	276.30	382.12	0.00	-nan	inf	638.56	392.81	436.64	50242.93	137.47
101	1068.43	546.74	301.86	386.79	0.00	-nan	inf	701.50	406.77	376.55	20360.02	145.10
102	815.40	477.18	269.06	373.85	0.00	-nan	inf	622.91	389.70	455.09	14392.76	137.72
103	793.39	525.65	257.47	393.94	0.00	-nan	inf	586.74	391.31	518.48	13997.70	137.78
104	766.92	535.75	247.40	432.24	0.00	-nan	inf	561.01	373.43	459.43	31818.38	132.35
105	672.91	486.06	248.06	417.49	0.00	-nan	inf	562.54	350.50	414.51	31578.54	126.16
106	785.69	503.90	257.85	386.79	0.00	-nan	inf	587.40	389.92	420.71	31351.34	132.28
107	827.67	541.15	252.11	544.02	0.00	-nan	inf	567.48	381.33	428.97	34247.52	130.97
108	800.38	476.62	237.02	342.88	0.00	-nan	inf	538.83	363.27	340.60	24085.07	125.52
109	763.70	511.93	235.95	376.77	0.00	-nan	inf	526.58	362.63	423.01	31375.08	125.01
110	786.25	496.44	247.05	377.69	0.00	-nan	inf	561.17	381.49	458.17	30106.04	135.20
111	788.97	483.90	231.05	349.61	0.00	-nan	inf	535.94	360.25	481.49	44616.00	128.85
112	748.22	504.64	259.38	873.74	0.00	-nan	inf	574.89	383.68	435.62	9556.73	133.36
113	1033.47	522.64	236.37	370.97	0.00	-nan	inf	529.98	349.54	425.31	34151.39	127.25
114	759.34	513.56	223.67	380.57	0.00	-nan	inf	514.20	360.23	444.53	34622.54	122.01
115	766.56	465.07	214.40	402.48	0.00	-nan	inf	478.29	337.01	407.10	24142.03	119.79
116	822.30	458.41	221.80	384.49	0.00	-nan	inf	488.80	366.04	421.95	14344.09	123.28
117	758.44	456.96	219.06	372.26	0.00	-nan	inf	481.97	347.88	435.87	73871.12	125.53
118	857.60	484.06	204.43	375.02	0.00	-nan	inf	445.01	322.69	411.37	32336.23	115.52
119	769.47	421.71	204.91	374.76	0.00	-nan	inf	444.70	326.09	400.18	33574.87	116.66
120	752.53	481.61	213.92	396.29	0.00	-nan	inf	470.44	333.93	444.89	31273.39	122.51
121	728.69	474.97	217.59	526.07	0.00	-nan	inf	486.12	347.42	407.09	39409.52	121.21
122	750.21	451.47	216.37	388.47	0.00	-nan	inf	477.18	342.86	437.74	31569.53	121.50
123	787.00	438.62	209.23	340.50	0.00	-nan	inf	454.53	350.52	480.73	18092.36	123.10
124	715.49	474.85	204.63	325.45	0.00	-nan	inf	449.30	332.82	426.54	31416.67	116.81
125	710.49	428.02	200.63	348.15	0.00	-nan	inf	437.80	323.42	430.52	38101.15	115.11
126	754.71	488.72	193.19	455.91	0.00	-nan	inf	430.95	331.56	586.99	32362.96	119.75
127	782.79	503.96	196.78	834.74	0.00	-nan	inf	430.14	307.61	421.27	41624.76	114.97
128	731.81	477.09	203.91	369.69	0.00	-nan	inf	442.24	356.94	427.51	41513.08	117.70
129	713.61	448.67	188.52	446.35	0.00	-nan	inf	405.88	309.80	418.15	24611.74	111.47
130	828.46	451.89	198.25	390.94	0.00	-nan	inf	430.52	314.07	412.40	12270.49	114.92
131	1079.91	463.23	201.25	363.13	0.00	-nan	inf	454.74	323.46	408.94	38428.23	116.42
132	711.37	497.76	181.23	343.21	0.00	-nan	inf	395.95	310.95	474.01	32429.61	112.80
133	691.69	561.49	194.76	352.59	0.00	-nan	inf	433.73	329.52	390.31	31939.75	113.27
134	767.20	481.99	184.61	366.31	0.00	-nan	inf	407.63	331.05	439.17	32036.14	112.99
135	763.98	434.09	178.19	481.59	0.00	-nan	inf	391.18	305.46	400.94	81779.37	107.83
136	740.51	440.38	189.13	381.41	0.00	-nan	inf	414.51	321.42	397.34	52895.47	111.09
137	715.39	451.71	191.97	397.53	0.00	-nan	inf	413.64	335.94	403.69	40891.09	111.81
138	780.49	458.81	180.82	368.13	0.00	-nan	inf	389.45	321.34	405.39	17053.25	108.51
139	743.70	483.40	183.92	662.70	0.00	-nan	inf	398.67	321.60	414.50	12640.60	111.63
140	701.71	411.13	176.98	372.91	0.00	-nan	inf	388.34	313.95	381.94	31254.24	106.31
141	746.91	464.40	203.73	389.38	0.00	-nan	inf	451.51	354.29	445.10	19040.63	117.64
142	728.62	486.93	181.00	381.82	0.00	-nan	inf	387.99	320.21	404.54	42361.82	107.38
143	733.31	415.86	181.14	385.34	0.00	-nan	inf	390.22	318.09	400.50	12685.82	107.72
144	809.09	464.64	175.15	410.60	0.00	-nan	inf	380.39	309.16	408.87	37826.43	107.53
145	712.51	424.32	180.19	375.87	0.00	-nan	inf	383.32	317.89	384.99	30643.96	107.07
146	753.50	413.30	171.27	358.20	0.00	-nan	inf	369.29	309.03	398.29	31271.51	105.50
147	720.91	407.20	160.84	374.88	0.00	-nan	inf	345.42	287.29	414.72	27907.64	100.16
148	746.46	458.30	189.73	351.15	0.00	-nan	inf	412.20	346.25	422.75	32080.83	112.00
149	736.16	420.46	169.07	374.01	0.00	-nan	inf	360.90	319.44	401.90	30697.08	103.33
150	739.15	457.27	170.44	447.65	0.00	-nan	inf	358.89	316.83	403.84	38238.39	104.70
151	778.44	499.43	161.58	409.20	0.00	-nan	inf	347.01	303.48	415.69	39825.30	101.50
152	708.05	469.22	167.09	386.78	0.00	-nan	inf	352.54	315.50	411.73	39672.77	103.56
153	720.56	458.63	155.86	425.24	0.00	-nan	inf	326.77	284.61	410.83	39228.37	98.58
154	1009.99	440.60	164.01	379.00	0.00	-nan	inf	355.99	305.62	404.54	28518.05	103.25
155	795.07	452.94	162.94	415.82	0.00	-nan	inf	351.69	317.95	421.89	30630.66	102.39
156	715.58	490.31	159.31	382.56	0.00	-nan	inf	338.61	303.87	426.09	12705.13	101.43
157	683.15	523.09	162.70	346.50	0.00	-nan	inf	346.36	326.60	415.32	31686.42	102.73
158	733.56	472.37	150.48	363.16	0.00	-nan	inf	319.30	289.22	429.25	32978.36	98.36
159	713.24	462.83	144.58	365.58	0.00	-nan	inf	314.71	285.95	437.52	32385.35	96.82
160	711.43	432.82	146.55	349.57	0.00	-nan	inf	312.29	295.63	417.42	39823.95	95.42
161	750.77	429.16	148.70	352.08	0.00	-nan	inf	313.11	287.19	389.16	32164.25	95.07
162	722.82	448.97	144.85	392.41	0.00	-nan	inf	313.44	288.19	402.42	36260.15	95.20
163	735.49	453.33	144.07	383.63	0.00	-nan	inf	305.61	289.46	411.95	28820.39	94.10
164	707.95	444.81	138.18	383.56	0.00	-nan	inf	294.21	292.07	472.11	31199.70	94.70
165	716.70	406.63	137.89	378.96	0.00	-nan	inf	296.48	280.47	412.32	31463.43	92.66
166	737.27	433.12	130.87	394.76	0.00	-nan	inf	284.65	266.53	424.77	18409.65	88.88
167	668.82	416.27	134.97	430.16	0.00	-nan	inf	294.52	275.31	410.35	36360.82	91.06
168	796.64	448.13	141.56	370.26	0.00	-nan	inf	297.22	277.84	390.06	35585.36	92.56
169	695.80	446.74	134.18	362.85	0.00	-nan	inf	285.95	282.04	413.07	53611.56	90.30
170	748.28	439.61	137.41	408.23	0.00	-nan	inf	299.48	273.31	413.03	13925.91	90.70
171	667.31	406.10	133.39	354.93	0.00	-nan	inf	282.08	264.87	361.86	30431.71	86.96
172	676.05	398.00	130.21	363.80	0.00	-nan	inf	274.20	252.30	391.34	13336.25	87.41
173	674.48	398.61	129.00	378.42	0.00	-nan	inf	275.38	261.26	355.87	33684.21	84.58
174	686.63	392.64	128.48	333.18	0.00	-nan	inf	274.94	261.39	410.98	15831.93	86.56
175	680.35	394.63	127.08	344.50	0.00	-nan	inf	268.36	257.28	406.92	12125.74	85.70
176	672.67	436.58	132.43	386.15	0.00	-nan	inf	279.74	263.01	319.98	23935.50	86.30
177	687.82	449.70	128.65	352.49	0.00	-nan	inf	281.14	264.63	400.37	11782.09	87.51
178	660.09	404.77	125.67	399.06	0.00	-nan	inf	268.65	260.89	373.53	29530.24	84.95
179	693.14	391.02	133.84	369.20	0.00	-nan	inf	288.98	267.48	380.82	30934.97	87.74
180	640.12	399.52	122.31	353.38	0.00	-nan	inf	254.96	250.72	373.97	38602.78	83.44
181	655.19	378.93	122.34	361.68	0.00	-nan	inf	254.90	247.34	404.63	31672.96	83.46
182	678.00	390.52	119.05	349.27	0.00	-nan	inf	249.99	249.21	320.70	11102.95	81.39
183	697.40	463.88	125.71	390.92	0.00	-nan	inf	270.25	257.27	368.29	29676.98	85.50
184	668.73	395.75	119.55	364.62	0.00	-nan	inf	253.87	252.42	376.29	52303.89	82.08
185	701.90	451.37	121.93	359.94	0.00	-nan	inf	259.46	256.31	398.09	30645.49	82.32
186	666.42	401.67	118.68	362.43	0.00	-nan	inf	251.76	250.78	395.99	32241.36	81.79
187	692.75	393.08	122.53	347.61	0.00	-nan	inf	262.49	250.69	388.33	39131.63	82.68
188	660.12	405.51	124.44	358.04	0.00	-nan	inf	262.12	266.98	387.03	12767.83	84.99
189	660.75	405.13	115.71	392.95	0.00	-nan	inf	241.95	250.13	323.96	24903.88	80.22
190	680.51	392.94	115.71	347.16	0.00	-nan	inf	240.91	251.80	381.80	31774.99	80.06
191	686.07	445.05	114.86	367.75	0.00	-nan	inf	241.80	253.57	376.95	31053.12	80.06
192	678.89	415.19	116.43	363.13	0.00	-nan	inf	242.19	252.08	378.90	30528.41	80.46
193	690.30	452.58	113.75	374.95	0.00	-nan	inf	242.74	245.90	377.70	41987.09	79.37
194	671.31	389.92	116.09	378.82	0.00	-nan	inf	246.87	252.18	366.27	29669.29	79.51
195	713.48	394.64	113.77	363.88	0.00	-nan	inf	240.08	253.10	393.94	12821.09	79.26
196	713.09	389.49	121.65	394.28	0.00	-nan	inf	254.37	258.43	360.35	39628.64	82.07
197	619.69	398.60	114.38	335.63	0.00	-nan	inf	240.18	244.51	377.97	12039.12	80.06
198	679.98	411.57	110.68	364.73	0.00	-nan	inf	232.33	244.42	381.20	31110.39	77.53
199	651.83	388.11	110.68	365.76	0.00	-nan	inf	230.50	242.47	377.39	31478.82	76.63
200	700.49	428.77	108.69	402.13	0.00	-nan	inf	235.06	243.85	385.93	10397.29	75.72
201	696.16	413.14	109.09	404.18	0.00	-nan	inf	233.26	235.86	402.36	36364.22	77.16
202	703.56	435.69	110.69	366.49	0.00	-nan	inf	229.44	247.30	381.11	16020.16	77.42
203	774.43	436.61	105.61	376.90	0.00	-nan	inf	221.94	239.59	380.02	30897.69	75.63
204	673.92	406.45	108.12	381.29	0.00	-nan	inf	232.25	237.02	392.46	30528.59	77.73
205	664.20	390.07	109.24	345.40	0.00	-nan	inf	229.15	241.51	398.00	39454.39	76.93
206	628.09	378.91	105.22	349.04	0.00	-nan	inf	220.41	241.03	385.23	19966.94	74.86
207	644.59	435.66	106.69	365.19	0.00	-nan	inf	226.21	240.74	324.82	11326.59	76.00
208	700.44	389.75	105.00	337.86	0.00	-nan	inf	215.91	234.76	352.75	33900.17	74.55
209	650.65	394.00	103.52	314.48	0.00	-nan	inf	216.21	239.46	388.77	32013.73	74.00
210	635.86	389.77	107.62	396.63	0.00	-nan	inf	228.52	247.51	377.23	32739.44	75.25
211	651.23	397.92	104.29	313.86	0.00	-nan	inf	219.02	236.80	385.91	13671.57	74.54
212	673.85	419.31	106.16	366.99	0.00	-nan	inf	221.09	250.65	398.17	51519.68	75.87
213	667.77	386.38	104.59	370.61	0.00	-nan	inf	220.79	236.00	394.83	31800.95	74.73
214	672.99	408.88	103.68	359.30	0.00	-nan	inf	215.87	235.71	383.71	27529.39	73.76
215	662.53	419.14	101.74	418.64	0.00	-nan	inf	212.73	236.14	397.28	31293.71	73.94
216	665.18	391.62	101.99	349.45	0.00	-nan	inf	214.64	235.53	366.14	31235.33	73.15
217	645.12	389.28	103.17	329.59	0.00	-nan	inf	216.91	241.12	402.39	20861.04	73.79
218	671.54	398.46	104.78	397.25	0.00	-nan	inf	220.10	242.06	374.98	40365.60	74.26
219	656.60	390.42	99.73	382.84	0.00	-nan	inf	207.33	230.33	388.21	30268.76	72.61
220	663.59	387.72	97.90	360.47	0.00	-nan	inf	203.50	229.63	373.00	30307.74	70.69
221	705.47	400.19	99.23	365.92	0.00	-nan	inf	206.39	228.53	394.27	20198.57	71.69
222	670.94	380.81	100.61	358.20	0.00	-nan	inf	211.33	234.02	395.90	38419.37	72.32
223	673.57	386.07	101.63	373.12	0.00	-nan	inf	213.40	238.49	395.40	30982.67	72.96
224	618.80	402.02	98.03	351.46	0.00	-nan	inf	204.28	230.87	400.44	42820.27	71.06
225	681.83	400.79	99.87	385.94	0.00	-nan	inf	207.91	239.61	354.50	17302.00	71.30
226	639.23	378.20	98.16	361.25	0.00	-nan	inf	202.42	234.13	372.97	30735.56	70.85
227	674.40	419.06	97.86	309.45	0.00	-nan	inf	201.05	224.29	347.76	27725.13	70.15
228	642.44	396.08	97.51	346.88	0.00	-nan	inf	202.53	234.41	373.52	34514.49	70.96
229	675.90	442.27	99.03	361.63	0.00	-nan	inf	207.27	230.14	400.03	30749.77	72.08
230	685.75	385.95	93.63	391.51	0.00	-nan	inf	194.42	221.49	372.70	31250.69	68.98
231	672.03	405.83	95.64	340.20	0.00	-nan	inf	200.98	229.93	366.57	28531.11	69.93
232	637.88	403.00	96.76	339.81	0.00	-nan	inf	202.51	230.50	379.36	32406.70	70.46
233	641.79	383.24	94.68	376.24	0.00	-nan	inf	199.31	228.08	363.81	20632.94	69.25
234	719.70	405.74	93.84	391.13	0.00	-nan	inf	197.23	223.35	371.45	32739.38	69.04
235	656.14	393.25	96.57	393.18	0.00	-nan	inf	201.57	234.95	383.17	30921.56	70.45
236	672.31	394.76	95.52	356.46	0.00	-nan	inf	197.55	230.32	383.94	31488.79	70.01
237	643.49	387.98	95.95	387.53	0.00	-nan	inf	200.26	232.94	351.64	32198.91	70.03
238	668.72	402.61	94.60	369.77	0.00	-nan	inf	196.45	229.69	375.53	37642.92	69.51
239	641.77	388.64	96.10	381.98	0.00	-nan	inf	201.31	232.67	360.19	39017.61	69.73
240	637.27	382.04	93.12	352.89	0.00	-nan	inf	192.46	229.20	358.63	13114.73	68.31
241	691.79	382.38	91.52	361.26	0.00	-nan	inf	192.17	226.51	374.20	39660.62	67.55
242	659.63	429.92	93.33	354.67	0.00	-nan	inf	193.26	227.06	366.87	34732.50	67.52
243	680.80	397.04	91.53	353.81	0.00	-nan	inf	188.97	225.96	375.24	32425.02	67.88
244	708.03	426.52	87.91	419.64	0.00	-nan	inf	189.25	222.10	381.87	13419.22	65.80
245	669.39	386.24	91.53	366.15	0.00	-nan	inf	194.53	225.48	384.18	31521.10	66.82
246	768.20	433.11	88.77	380.68	0.00	-nan	inf	189.88	227.53	391.15	14237.77	65.83
247	774.03	450.09	285.75	390.48	0.00	-nan	inf	704.66	321.36	298.12	8447.22	126.08
248	767.09	453.51	260.63	370.98	0.00	-nan	inf	600.69	352.97	385.99	12702.80	131.93
249	712.19	450.35	254.16	361.63	0.00	-nan	inf	584.67	347.93	349.65	12882.06	128.34
250	770.93	464.95	239.77	362.04	0.00	-nan	inf	552.23	336.62	369.50	29467.43	123.26
251	801.10	470.64	272.83	439.61	0.00	-nan	inf	642.23	350.24	337.51	28384.48	129.68
252	747.27	472.02	238.24	386.10	0.00	-nan	inf	549.19	321.64	413.45	12340.17	128.49
253	752.13	467.57	250.74	396.37	0.00	-nan	inf	582.34	317.19	404.71	24322.49	126.61
254	763.72	459.99	228.06	400.89	0.00	-nan	inf	518.95	330.83	332.29	24003.30	120.19
255	711.83	443.07	251.10	385.54	0.00	-nan	inf	598.23	298.81	286.50	7438.29	117.63
256	724.41	439.20	230.38	384.43	0.00	-nan	inf	529.40	329.57	369.26	28534.20	124.07
257	734.42	431.10	221.65	382.42	0.00	-nan	inf	501.04	313.24	366.43	29069.47	120.75
258	713.70	420.57	213.76	348.62	0.00	-nan	inf	477.12	307.96	368.84	12956.18	118.66
259	728.51	456.91	213.37	363.60	0.00	-nan	inf	479.52	307.69	355.77	11264.11	119.34
260	724.64	434.43	210.94	386.41	0.00	-nan	inf	469.07	310.79	358.45	11086.60	116.77
261	709.24	419.92	206.85	357.47	0.00	-nan	inf	463.98	304.96	358.21	28813.33	115.66
262	711.34	429.53	205.50	385.43	0.00	-nan	inf	451.46	300.18	365.29	24858.54	116.54
263	688.75	407.01	221.69	412.48	0.00	-nan	inf	530.61	270.65	274.28	6759.59	110.98
264	744.44	464.57	221.22	389.65	0.00	-nan	inf	502.63	316.72	400.95	25477.49	121.19
265	738.52	414.85	197.29	352.75	0.00	-nan	inf	441.65	292.35	365.74	24688.15	112.84
266	719.39	442.22	218.75	450.85	0.00	-nan	inf	495.13	311.73	353.05	12858.76	119.63
267	671.44	416.29	200.07	367.37	0.00	-nan	inf	450.44	298.22	355.07	24035.80	113.92
268	726.84	433.82	205.39	361.21	0.00	-nan	inf	458.51	299.79	366.86	24790.50	115.31
269	694.33	430.91	197.05	363.67	0.00	-nan	inf	450.28	297.29	361.45	9061.73	112.95
270	739.82	444.34	199.61	409.48	0.00	-nan	inf	440.88	292.58	352.00	30764.35	112.22
271	684.10	400.86	189.80	383.32	0.00	-nan	inf	421.30	290.65	359.44	31841.94	110.31
272	698.82	420.18	191.70	374.85	0.00	-nan	inf	424.70	289.61	369.71	31007.09	111.26
273	701.34	426.54	186.22	401.00	0.00	-nan	inf	419.36	281.14	360.40	29767.78	109.29
274	669.96	426.52	221.31	398.34	0.00	-nan	inf	515.16	272.73	276.79	7125.65	110.55
275	731.29	436.92	203.89	362.88	0.00	-nan	inf	458.94	302.52	334.15	21370.21	114.18
276	712.87	420.34	200.96	364.57	0.00	-nan	inf	446.52	292.18	381.73	24836.28	113.90
277	715.89	424.05	207.69	418.45	0.00	-nan	inf	473.76	299.16	370.78	37394.76	115.98
278	728.89	441.20	198.25	384.79	0.00	-nan	inf	446.75	286.51	387.12	26687.01	111.68
279	748.74	439.11	191.85	397.68	0.00	-nan	inf	428.29	283.11	373.52	11734.95	110.63
280	718.86	445.69	204.87	387.50	0.00	-nan	inf	460.13	293.95	390.79	30900.07	115.17
281	700.82	422.93	190.67	359.27	0.00	-nan	inf	430.23	287.50	378.06	20840.17	110.37
282	703.24	417.52	194.91	402.94	0.00	-nan	inf	429.49	295.32	385.51	22662.72	113.58
283	718.31	437.50	197.14	363.69	0.00	-nan	inf	443.44	292.09	364.13	11453.37	112.38
284	758.49	447.23	211.36	394.62	0.00	-nan	inf	477.82	301.03	372.09	11822.57	117.13
285	718.48	438.59	191.20	396.73	0.00	-nan	inf	424.56	283.71	385.56	25216.03	109.18
286	695.83	417.86	189.79	407.50	0.00	-nan	inf	428.03	280.44	371.57	11627.22	110.29
287	689.26	418.63	178.81	389.01	0.00	-nan	inf	400.03	268.32	374.56	26983.75	107.08
288	719.08	470.09	187.58	363.60	0.00	-nan	inf	421.15	284.30	362.83	36603.36	109.23
289	669.84	423.18	180.60	348.37	0.00	-nan	inf	404.00	277.10	359.95	25580.01	106.67
290	741.02	468.43	190.21	406.13	0.00	-nan	inf	424.77	283.87	376.43	30117.33	112.07
291	723.86	406.43	176.84	364.76	0.00	-nan	inf	401.53	275.29	378.17	12165.38	106.52
292	701.17	439.22	201.18	446.03	0.00	-nan	inf	473.61	252.13	280.59	6908.40	104.46
293	708.45	464.40	196.85	374.92	0.00	-nan	inf	449.57	283.02	351.42	21845.31	112.15
294	690.81	422.33	191.36	371.61	0.00	-nan	inf	440.85	276.97	396.04	30224.50	111.13
295	731.72	432.32	190.79	389.68	0.00	-nan	inf	432.46	289.87	378.34	31050.63	111.39
296	681.91	421.56	191.92	367.41	0.00	-nan	inf	431.17	282.72	401.19	13745.93	111.81
297	776.55	460.00	190.55	402.37	0.00	-nan	inf	431.10	274.53	373.32	33151.30	108.14
298	728.79	448.80	193.32	376.92	0.00	-nan	inf	434.30	272.39	336.21	31317.30	108.09
299	802.68	420.83	184.04	430.11	0.00	-nan	inf	417.29	265.66	371.32	24276.14	107.27
300	708.47	417.54	174.39	399.25	0.00	-nan	inf	386.95	263.18	379.87	24899.30	105.81
