1	0	0	0	142	142
2	142	142	0	4	146
3	146	146	0	3	149
4	149	149	0	3	152
5	152	152	0	3	155
6	155	155	0	3	158
7	158	158	0	3	161
8	161	161	0	3	164
9	164	164	0	3	167
10	167	167	0	3	170
11	169	169	0	14	184
12	184	184	0	3	187
13	189	189	0	3	190
14	191	191	0	3	193
15	194	194	0	3	196
16	197	197	0	3	199
17	200	200	0	3	202
18	203	203	0	3	205
19	206	206	0	3	208
20	209	209	0	3	211
21	212	212	0	3	214
22	215	215	0	3	217
23	218	218	0	3	220
24	220	220	0	3	223
25	223	223	0	3	226
26	226	226	0	3	229
27	229	229	0	3	232
28	234	234	0	3	235
29	236	236	0	3	238
30	244	244	0	3	241
31	242	242	0	3	244
32	248	248	0	3	247
33	251	251	0	3	250
34	258	258	0	3	253
35	259	259	0	3	256
36	269	269	0	3	259
37	271	271	0	3	262
38	277	277	0	3	265
39	283	283	0	3	268
40	287	287	0	3	271
41	295	295	0	3	274
42	297	297	0	3	277
43	303	303	0	3	280
44	307	307	0	3	283
45	313	313	0	3	286
46	314	314	0	3	289
47	321	321	0	3	292
48	331	331	0	3	295
49	334	334	0	3	298
50	338	338	0	3	301
51	345	345	0	3	304
52	348	348	0	3	307
53	361	361	0	3	310
54	363	363	0	3	313
55	365	365	0	3	316
56	373	373	0	3	319
57	389	389	0	3	322
58	396	396	0	3	325
59	406	406	0	3	328
60	411	411	0	3	331
61	426	426	0	3	334
62	448	448	0	3	337
63	450	450	0	3	340
64	271	271	0	21	361
65	288	288	0	4	365
66	302	302	0	3	368
67	310	310	0	3	371
68	310	310	0	3	374
69	309	309	0	3	377
70	328	328	0	4	381
71	326	326	0	3	384
72	333	333	0	3	387
73	337	337	0	15	402
74	358	358	0	4	406
75	366	366	0	6	412
76	375	375	0	4	416
77	380	380	0	3	419
78	391	391	0	4	423
79	404	404	0	4	427
80	395	395	0	15	442
81	401	401	0	4	446
82	410	410	0	4	450
83	423	423	0	4	454
84	454	454	0	5	459
85	451	451	0	4	463
86	473	473	0	4	467
87	469	469	0	4	471
88	480	480	0	4	475
89	537	537	0	8	483
90	525	525	0	4	487
91	533	533	0	4	491
92	563	563	0	4	495
93	563	563	0	3	498
94	577	577	0	4	502
95	586	586	0	3	505
96	595	595	0	3	508
97	610	610	0	4	512
98	625	625	0	4	516
99	646	646	0	4	520
100	636	636	0	3	523
101	653	653	0	4	527
102	674	674	0	3	530
103	698	698	0	3	533
104	709	709	0	3	536
105	726	726	0	3	539
106	732	732	0	3	542
107	723	723	0	3	545
108	746	746	0	4	549
109	768	768	0	3	552
110	785	785	0	3	555
111	788	788	0	3	558
112	810	810	0	3	561
113	816	816	0	3	564
114	835	835	0	3	567
115	841	841	0	3	570
116	833	833	0	3	573
117	861	861	0	3	576
118	868	868	0	3	579
119	872	872	0	3	582
120	886	886	0	3	585
121	888	888	0	3	588
122	910	910	0	3	591
123	950	950	0	3	594
124	937	937	0	3	597
125	945	945	0	3	600
126	968	968	0	3	603
127	994	994	0	3	606
128	994	994	0	3	609
129	990	990	0	3	612
130	1009	1009	0	3	615
131	1031	1031	0	3	618
132	1016	1016	0	3	621
133	1052	1052	0	3	624
134	1068	1068	0	3	627
135	1076	1076	0	3	630
136	1084	1084	0	3	633
137	1090	1090	0	3	636
138	1116	1116	0	3	639
139	1139	1139	0	3	642
140	1133	1133	0	3	645
141	1160	1160	0	3	648
142	1161	1161	0	3	651
143	1156	1156	0	3	654
144	1174	1174	0	3	657
145	1203	1203	0	3	660
146	1216	1216	0	3	663
147	1212	1212	0	3	666
148	1235	1235	0	3	669
149	1257	1257	0	3	672
150	1266	1266	0	3	675
151	1297	1297	0	3	678
152	1306	1306	0	3	681
153	1340	1340	0	3	684
154	1331	1331	0	3	687
155	1344	1344	0	3	690
156	1369	1369	0	3	693
157	1394	1394	0	3	696
158	1407	1407	0	3	699
159	1445	1445	0	3	702
160	1474	1474	0	3	705
161	1490	1490	0	3	708
162	1503	1503	0	3	711
163	1499	1499	0	3	714
164	1504	1504	0	3	717
165	1515	1515	0	3	720
166	1536	1536	0	3	723
167	1541	1541	0	3	726
168	1537	1537	0	3	729
169	1561	1561	0	3	732
170	1590	1590	0	3	735
171	1600	1600	0	3	738
172	1614	1614	0	3	741
173	1640	1640	0	3	744
174	1646	1646	0	3	747
175	1653	1653	0	3	750
176	1679	1679	0	4	754
177	1686	1686	0	3	757
178	1702	1702	0	3	760
179	1709	1709	0	3	763
180	1738	1738	0	3	766
181	1777	1777	0	3	769
182	1773	1773	0	4	773
183	1760	1760	0	3	776
184	1803	1803	0	3	779
185	1805	1805	0	3	782
186	1799	1799	0	3	785
187	1827	1827	0	3	788
188	1870	1870	0	3	791
189	1920	1920	0	4	795
190	1888	1888	0	3	798
191	1897	1897	0	3	801
192	1877	1877	0	3	804
193	1934	1934	0	3	807
194	1943	1943	0	3	810
195	1946	1946	0	3	813
196	1948	1948	0	3	816
197	1969	1969	0	3	819
198	1986	1986	0	3	822
199	2002	2002	0	3	825
200	2012	2012	0	3	828
201	2030	2030	0	3	831
202	2042	2042	0	3	834
203	2086	2086	0	3	837
204	2119	2119	0	3	840
205	2113	2113	0	3	843
206	2132	2132	0	3	846
207	2141	2141	0	4	850
208	2157	2157	0	3	853
209	2169	2169	0	3	856
210	2159	2159	0	3	859
211	2193	2193	0	3	862
212	2197	2197	0	3	865
213	2174	2174	0	3	868
214	2168	2168	0	3	871
215	2228	2228	0	3	874
216	2239	2239	0	3	877
217	2244	2244	0	3	880
218	2236	2236	0	3	883
219	2256	2256	0	3	886
220	2293	2293	0	3	889
221	2284	2284	0	3	892
222	2310	2310	0	3	895
223	2312	2312	0	3	898
224	2326	2326	0	3	901
225	2332	2332	0	3	904
226	2319	2319	0	3	907
227	2347	2347	0	3	910
228	2379	2379	0	3	913
229	2373	2373	0	3	916
230	2434	2434	0	3	919
231	2381	2381	0	3	922
232	2366	2366	0	3	925
233	2415	2415	0	3	928
234	2421	2421	0	3	931
235	2410	2410	0	3	934
236	2436	2436	0	3	937
237	2435	2435	0	3	940
238	2472	2472	0	3	943
239	2484	2484	0	3	946
240	2485	2485	0	3	949
241	2517	2517	0	3	952
242	2532	2532	0	3	955
243	2512	2512	0	3	958
244	2549	2549	0	3	961
245	2555	2555	0	3	964
246	2574	2574	0	3	967
247	614	614	0	15	982
248	658	658	0	4	986
249	670	670	0	4	990
250	716	716	0	4	994
251	727	727	0	4	998
252	743	743	0	4	1002
253	757	757	0	4	1006
254	795	795	0	4	1010
255	763	763	0	16	1026
256	815	815	0	4	1030
257	841	841	0	4	1034
258	851	851	0	4	1038
259	863	863	0	4	1042
260	886	886	0	4	1046
261	910	910	0	4	1050
262	924	924	0	4	1054
263	877	877	0	16	1070
264	913	913	0	4	1074
265	933	933	0	4	1078
266	949	949	0	4	1082
267	959	959	0	4	1086
268	997	997	0	4	1090
269	1004	1004	0	4	1094
270	1035	1035	0	4	1098
271	1038	1038	0	4	1102
272	1056	1056	0	4	1106
273	1058	1058	0	4	1110
274	940	940	0	18	1128
275	966	966	0	5	1133
276	982	982	0	4	1137
277	995	995	0	4	1141
278	1002	1002	0	4	1145
279	1021	1021	0	4	1149
280	1030	1030	0	4	1153
281	1065	1065	0	4	1157
282	1063	1063	0	4	1161
283	1084	1084	0	4	1165
284	1085	1085	0	4	1169
285	1103	1103	0	4	1173
286	1100	1100	0	4	1177
287	1148	1148	0	4	1181
288	1137	1137	0	4	1185
289	1132	1132	0	4	1189
290	1176	1176	0	4	1193
291	1167	1167	0	4	1197
292	1066	1066	0	18	1215
293	1079	1079	0	5	1220
294	1090	1090	0	4	1224
295	1109	1109	0	4	1228
296	1117	1117	0	4	1232
297	1122	1122	0	4	1236
298	1179	1179	0	5	1241
299	1168	1168	0	4	1245
300	1185	1185	0	4	1249
