1	590008320	588993229	1015091	0	0	0
2	589998080	13430872	288756412	0	287810796	0
3	590039040	8675421	289115513	0	292248106	0
4	590049280	8465886	289924145	0	291659249	0
5	590049280	8705295	290090145	0	291253840	0
6	590069760	7250459	289809136	0	293010165	0
7	590069760	7279799	290316569	0	292473392	0
8	590080000	7282132	290798702	0	291999166	0
9	590080000	7161840	290502296	0	292415864	0
10	590100480	8563959	290512891	0	291023630	0
11	595927040	55070954	218834270	0	322021816	0
12	595927040	9553992	293873308	0	292499740	0
13	595927040	8269140	294213959	0	293443941	0
14	595957760	8191831	294323600	0	293442329	0
15	595978240	8923942	291825942	0	295228356	0
16	596008960	9044184	293533835	0	293430941	0
17	596019200	8633463	293829465	0	293556272	0
18	596008960	8513311	293868175	0	293627474	0
19	596019200	8547476	293795167	0	293676557	0
20	596039680	8694761	292855217	0	294489702	0
21	596049920	7765412	294783954	0	293500554	0
22	596090880	7755823	292614477	0	295720580	0
23	596101120	7285831	294752648	0	294062641	0
24	596111360	7928265	293825331	0	294357764	0
25	596131840	7661372	293974049	0	294496419	0
26	596152320	8678383	293916779	0	293557158	0
27	596152320	7395641	294275969	0	294480710	0
28	596172800	7739414	293683719	0	294749667	0
29	596295680	8601341	293004827	0	294689512	0
30	596326400	7701752	293043072	0	295581576	0
31	596357120	7670595	293913561	0	294772964	0
32	596367360	7793762	294778356	0	293795242	0
33	596408320	7473417	293277249	0	295657654	0
34	596428800	7186696	294499749	0	294742355	0
35	596428800	7282406	294755688	0	294390706	0
36	596357120	7694645	294357831	0	294304644	0
37	596387840	8355049	293883354	0	294149437	0
38	596387840	7240307	294547042	0	294600491	0
39	596428800	8640020	292098839	0	295689941	0
40	596428800	7614986	295051464	0	293762350	0
41	596439040	7598761	295075267	0	293765012	0
42	596459520	8289198	294171132	0	293999190	0
43	596469760	6744882	295014492	0	294710386	0
44	596480000	7074111	294965199	0	294440690	0
45	596490240	6757390	294939823	0	294793027	0
46	596490240	6672636	295562613	0	294254991	0
47	596500480	7298409	294743419	0	294458652	0
48	596510720	6817895	294720900	0	294971925	0
49	596510720	6767508	294574825	0	295168387	0
50	596531200	7176181	294089489	0	295265530	0
51	596561920	8205101	293364203	0	294992616	0
52	596592640	7291805	293672502	0	295628333	0
53	596613120	7457908	294282144	0	294873068	0
54	596633600	7249025	294105120	0	295279455	0
55	596654080	6975004	294450463	0	295228613	0
56	596664320	7013556	294897706	0	294753058	0
57	596684800	7168456	294150239	0	295366105	0
58	596705280	8337942	292648818	0	295718520	0
59	596705280	7296341	295080874	0	294328065	0
60	596725760	6866319	293302225	0	296557216	0
61	596828160	7147318	291751095	0	297929747	0
62	596838400	6714041	295256854	0	294867505	0
63	596899840	7656195	291312118	0	297931527	0
64	630958080	80886989	226591279	0	323479812	0
65	630978560	13665718	320345420	0	296967422	0
66	630988800	8813821	320987547	0	301187432	0
67	630999040	8788440	321653788	0	300556812	0
68	631050240	8830013	319986527	0	302233700	0
69	631050240	8910289	321127064	0	301012887	0
70	631060480	12350522	319842111	0	298867847	0
71	631080960	8632393	321165900	0	301282667	0
72	631101440	8627719	321188058	0	301285663	0
73	640839680	58833040	255582513	0	326424127	0
74	640860160	11340631	325872850	0	303646679	0
75	640860160	21732767	326952429	0	292174964	0
76	640880640	10342056	326031087	0	304507497	0
77	640890880	10142845	326258905	0	304489130	0
78	640921600	10182313	325885199	0	304854088	0
79	640952320	10496029	325536620	0	304919671	0
80	648355840	58581545	255330061	0	334444234	0
81	648366080	12313167	329999632	0	306053281	0
82	648396800	11318783	330215016	0	306863001	0
83	648417280	11487687	329693732	0	307235861	0
84	648478720	14370357	327295938	0	306812425	0
85	648499200	11150989	330016705	0	307331506	0
86	648519680	11100520	330396702	0	307022458	0
87	648540160	11184969	328893258	0	308461933	0
88	648570880	10684124	329771835	0	308114921	0
89	648601600	30205593	327002823	0	291393184	0
90	648611840	12650086	330603240	0	305358514	0
91	648622080	10187641	330523572	0	307910867	0
92	648642560	10424267	330066611	0	308151682	0
93	648663040	9937855	330470569	0	308254616	0
94	648673280	10545925	330385609	0	307741746	0
95	648673280	9270855	330991927	0	308410498	0
96	648693760	9747797	329907197	0	309038766	0
97	648704000	10121798	330853610	0	307728592	0
98	648714240	10940107	330927785	0	306846348	0
99	648734720	10518892	329399833	0	308815995	0
100	648744960	9586217	330353878	0	308804865	0
101	648775680	10122756	329096647	0	309556277	0
102	648785920	9475126	330603522	0	308707272	0
103	648796160	10085927	330505769	0	308204464	0
104	648796160	9666332	330462666	0	308667162	0
105	648806400	9603549	331245611	0	307957240	0
106	648806400	9172974	331381517	0	308251909	0
107	648806400	9167919	331429709	0	308208772	0
108	648826880	10198613	330250593	0	308377674	0
109	648837120	8869467	331110276	0	308857377	0
110	648826880	9058368	331526871	0	308241641	0
111	648837120	9056472	331224257	0	308556391	0
112	648837120	9531498	330968457	0	308337165	0
113	648847360	9073728	331195932	0	308577700	0
114	648867840	10041061	331067251	0	307759528	0
115	648867840	9099691	331460833	0	308307316	0
116	648878080	8736177	331479689	0	308662214	0
117	648878080	8569913	331562974	0	308745193	0
118	648878080	9002949	331272198	0	308602933	0
119	648878080	8639641	331541270	0	308697169	0
120	648898560	9154741	330902239	0	308841580	0
121	648908800	8938121	330938062	0	309032617	0
122	648919040	9378689	330766199	0	308774152	0
123	648929280	9502095	331543299	0	307883886	0
124	648939520	9128078	331346555	0	308464887	0
125	648939520	9639227	331174214	0	308126079	0
126	648939520	9917038	331595663	0	307426819	0
127	648939520	9177677	331398866	0	308362977	0
128	648939520	8905247	331293552	0	308740721	0
129	648949760	9152623	331778078	0	308019059	0
130	648949760	8735008	331599614	0	308615138	0
131	648949760	8523828	331513865	0	308912067	0
132	648949760	8915456	331320170	0	308714134	0
133	648960000	8772603	331223839	0	308963558	0
134	648970240	8758010	331159646	0	309052584	0
135	648970240	9036757	331384317	0	308549166	0
136	648939520	9088483	331229565	0	308621472	0
137	648949760	9041445	331457659	0	308450656	0
138	648960000	9185493	331115836	0	308658671	0
139	648960000	8619716	331648218	0	308692066	0
140	648960000	8500081	331540342	0	308919577	0
141	648960000	9844600	330434221	0	308681179	0
142	648970240	9111836	331615041	0	308243363	0
143	648980480	9057259	331386466	0	308536755	0
144	648980480	8864641	331574654	0	308541185	0
145	648980480	8669254	331614198	0	308697028	0
146	648990720	8672376	331422130	0	308896214	0
147	649000960	8944375	331588892	0	308467693	0
148	649000960	8807140	331216684	0	308977136	0
149	649011200	9283947	330889926	0	308837327	0
150	649031680	8717137	331073726	0	309240817	0
151	649031680	9197203	331279018	0	308555459	0
152	649041920	8576371	331043719	0	309421830	0
153	649052160	9042337	331088114	0	308921709	0
154	649052160	8853152	331465872	0	308733136	0
155	649052160	9208313	331564898	0	308278949	0
156	649062400	9399077	330627785	0	309035538	0
157	649062400	9583266	331271173	0	308207961	0
158	649072640	8886121	330975997	0	309210522	0
159	649082880	9038528	331347023	0	308697329	0
160	649093120	9154965	331398610	0	308539545	0
161	649103360	9065904	331311359	0	308726097	0
162	649103360	8493074	331790722	0	308819564	0
163	649103360	8703560	332022105	0	308377695	0
164	649103360	8625425	331607503	0	308870432	0
165	649113600	8492275	331411767	0	309209558	0
166	649113600	9013739	331946662	0	308153199	0
167	649113600	8626780	332002045	0	308484775	0
168	649113600	8344820	331955150	0	308813630	0
169	649123840	8754451	331562995	0	308806394	0
170	649134080	9017328	331614762	0	308501990	0
171	649144320	8587149	331498596	0	309058575	0
172	649154560	9253137	331072941	0	308828482	0
173	649154560	8721817	331681282	0	308751461	0
174	649164800	9150215	331654787	0	308359798	0
175	649164800	9690678	331716950	0	307757172	0
176	649164800	11086157	329958180	0	308120463	0
177	649175040	8667738	331629842	0	308877460	0
178	649175040	8661819	331676983	0	308836238	0
179	649175040	8932222	331684893	0	308557925	0
180	649185280	8515106	331437299	0	309232875	0
181	649185280	9776415	330428594	0	308980271	0
182	649185280	10265430	330723524	0	308196326	0
183	649195520	8579665	331104400	0	309511455	0
184	649195520	8528564	332113088	0	308553868	0
185	649205760	9831916	331298341	0	308075503	0
186	649205760	8801395	331276174	0	309128191	0
187	649216000	9283027	331111906	0	308821067	0
188	649226240	8692583	331220248	0	309313409	0
189	649236480	10196966	330624473	0	308415041	0
190	649277440	8782000	332011495	0	308483945	0
191	649277440	8313137	331883365	0	309080938	0
192	649318400	8869307	331189387	0	309259706	0
193	649349120	8997982	331531494	0	308819644	0
194	649369600	8804726	331714999	0	308849875	0
195	649379840	8991871	331691316	0	308696653	0
196	649400320	8603715	331431534	0	309365071	0
197	649400320	8627878	331812014	0	308960428	0
198	649431040	9065606	331111845	0	309253589	0
199	649431040	8884182	331835487	0	308711371	0
200	649431040	8739039	331648738	0	309043263	0
201	649441280	8927536	331897152	0	308616592	0
202	649441280	8754616	331533945	0	309152719	0
203	649461760	8440313	331364673	0	309656774	0
204	649482240	8574443	331339203	0	309568594	0
205	649482240	9810962	331514446	0	308156832	0
206	649482240	8767959	332160096	0	308554185	0
207	649482240	10173424	331528643	0	307780173	0
208	649512960	8739527	330725029	0	310048404	0
209	649523200	9374062	330132194	0	310016944	0
210	649553920	8843852	331682309	0	309027759	0
211	649564160	8890966	332234166	0	308439028	0
212	649564160	9405830	331247809	0	308910521	0
213	649574400	9614431	331146272	0	308813697	0
214	649615360	9303870	329802310	0	310509180	0
215	649615360	8668018	332608611	0	308338731	0
216	649615360	8931403	332119697	0	308564260	0
217	649625600	9783883	331529250	0	308312467	0
218	649625600	9018107	331984214	0	308623279	0
219	649635840	8996931	330939224	0	309699685	0
220	649646080	9006186	331585583	0	309054311	0
221	649646080	8960891	331699317	0	308985872	0
222	649646080	9996305	332243092	0	307406683	0
223	649656320	9609774	331824961	0	308221585	0
224	649707520	9487341	331465623	0	308754556	0
225	649717760	8897505	331991238	0	308829017	0
226	649728000	9157484	331278573	0	309291943	0
227	649728000	8441428	332110710	0	309175862	0
228	649738240	9162313	331975043	0	308600884	0
229	649738240	9012394	332336515	0	308389331	0
230	649738240	8761273	331057469	0	309919498	0
231	649738240	8675322	332272568	0	308790350	0
232	649748480	9009530	331775995	0	308962955	0
233	649748480	8698432	332191856	0	308858192	0
234	649758720	8660611	330899786	0	310198323	0
235	649768960	8816766	331963387	0	308988807	0
236	649768960	8701874	331601808	0	309465278	0
237	649768960	8665241	331797597	0	309306122	0
238	649779200	8725277	331934434	0	309119489	0
239	649779200	8312438	332386752	0	309080010	0
240	649799680	8385910	331368132	0	310045638	0
241	649799680	8763634	331939230	0	309096816	0
242	649799680	8830985	331537029	0	309431666	0
243	649809920	8562673	331332192	0	309915055	0
244	649830400	9231129	331058491	0	309540780	0
245	649840640	9911340	331853632	0	308075668	0
246	649861120	9487567	331719034	0	308654519	0
247	658063360	55731609	264898440	0	337433311	0
248	658094080	11850764	334445910	0	311797406	0
249	658114560	11089391	335445420	0	311579749	0
250	658145280	12851610	333596312	0	311697358	0
251	658155520	10283015	335974195	0	311898310	0
252	658186240	12288512	335510314	0	310387414	0
253	658206720	13174857	336261087	0	308770776	0
254	658227200	10281319	335548690	0	312397191	0
255	666204160	62992464	261472489	0	341739207	0
256	666234880	12255608	339636066	0	314343206	0
257	666265600	11530470	339891553	0	314843577	0
258	666275840	11393694	340087650	0	314794496	0
259	666286080	11125839	340498105	0	314662136	0
260	666306560	11520549	339216955	0	315569056	0
261	666316800	11631644	339696562	0	314988594	0
262	666327040	11342288	339937720	0	315047032	0
263	676976640	60295159	267966993	0	348714488	0
264	676986880	13447172	346673892	0	316865816	0
265	677007360	12598272	345510453	0	318898635	0
266	677027840	11699986	346292072	0	319035782	0
267	677038080	12232596	346852707	0	317952777	0
268	677058560	12295393	346305668	0	318457499	0
269	677058560	11983968	347012663	0	318061929	0
270	677079040	11923154	346446826	0	318709060	0
271	677089280	12434585	346952152	0	317702543	0
272	677089280	12223644	347307851	0	317557785	0
273	677089280	11188212	346926440	0	318974628	0
274	686970880	70284442	274196020	0	342490418	0
275	686970880	15065987	350681132	0	321223761	0
276	686981120	13865506	351597242	0	321518372	0
277	686981120	12982207	351939796	0	322059117	0
278	686991360	13645877	351304570	0	322040913	0
279	687011840	13365402	350849064	0	322797374	0
280	687032320	13310324	350729451	0	322992545	0
281	687042560	12756047	350697654	0	323588859	0
282	687052800	12637510	351399272	0	323016018	0
283	687052800	12594517	351158253	0	323300030	0
284	687083520	11914550	351795367	0	323373603	0
285	687093760	13597062	351274097	0	322222601	0
286	687093760	12782296	351869303	0	322442161	0
287	687104000	12899382	350618484	0	323586134	0
288	687104000	12210872	351564913	0	323328215	0
289	687114240	12057819	351993617	0	323062804	0
290	687124480	12285845	350825905	0	324012730	0
291	687144960	12720986	351419578	0	323004396	0
292	695603200	70644484	276089177	0	348869539	0
293	695623680	14898664	354981506	0	325743510	0
294	695654400	13800716	354572345	0	327281339	0
295	695654400	13153422	355865584	0	326635394	0
296	695674880	13657287	355482409	0	326535184	0
297	695685120	13653634	355441787	0	326589699	0
298	695685120	15327159	354876651	0	325481310	0
299	695695360	12648204	355713169	0	327333987	0
300	695695360	12462395	356001387	0	327231578	0
