1	528385	528385	0	0	0	0	0
2	529483	22978	506505	0	0	16471	0
3	530607	34524	491482	4601	0	25790	0
4	530568	23324	495102	12142	0	19232	0
5	532767	42683	465586	24498	0	29342	0
6	532752	23814	472473	36465	0	19279	0
7	532758	23251	472681	36826	0	19359	0
8	532727	22700	473069	36958	0	19477	0
9	532741	22623	473112	37006	0	19650	0
10	532733	22491	473171	37071	0	19537	0
11	532742	16939	460893	54910	0	15296	0
12	532727	16780	448816	67131	0	15062	0
13	532731	16789	437538	78404	0	15127	0
14	532731	16801	426830	89100	0	15153	0
15	532721	16889	416364	99468	0	15209	0
16	532731	22559	413738	96434	0	19664	0
17	532766	22165	412702	97899	0	19565	0
18	532727	22086	411527	99114	0	19617	0
19	532729	19409	404927	108393	0	17267	0
20	532731	19386	398548	114797	0	17257	0
21	532708	19105	392742	120861	0	17149	0
22	532746	19180	387034	126532	0	17265	0
23	532723	20466	382374	129883	0	18295	0
24	532754	20461	378310	133983	0	18350	0
25	532744	20590	374297	137857	0	18452	0
26	532730	20270	370688	141772	0	18239	0
27	532734	20447	366980	145307	0	18229	0
28	532767	18673	360344	153750	0	16748	0
29	532778	18654	354130	159994	0	16669	0
30	532793	18715	348374	165704	0	16802	0
31	532816	18837	342627	171352	0	16884	0
32	532796	18529	337222	177045	0	16664	0
33	532794	18212	330155	184427	0	16287	0
34	532798	18092	324008	190698	0	16181	0
35	532782	18085	318195	196502	0	16214	0
36	532766	18046	312483	202237	0	16070	0
37	532792	18100	307077	207615	0	16196	0
38	532767	22381	305672	204714	0	19875	0
39	532770	22105	304923	205742	0	19648	0
40	532807	21929	304232	206646	0	19565	0
41	532798	16831	298404	217563	0	15006	0
42	532826	16777	292447	223602	0	14889	0
43	532814	16667	286769	229378	0	14850	0
44	532811	16593	281212	235006	0	14817	0
45	532802	31646	268893	232263	0	28008	0
46	532834	23056	269736	240042	0	20305	0
47	532800	22458	269932	240410	0	19938	0
48	532795	22355	269887	240553	0	19936	0
49	532809	22432	269840	240537	0	20050	0
50	532817	22249	269951	240617	0	19900	0
51	532812	37460	263593	231759	0	33795	0
52	532823	16540	260638	255645	0	14733	0
53	532817	16635	255987	260195	0	14807	0
54	532813	16715	251561	264537	0	14940	0
55	532846	16590	247237	269019	0	14697	0
56	532859	16612	242964	273283	0	14707	0
57	532898	16560	239055	277283	0	14707	0
58	532916	16552	235163	281201	0	14725	0
59	532892	16784	231035	285073	0	14982	0
60	532880	16506	227269	289105	0	14690	0
61	532872	16561	223646	292665	0	14698	0
62	532879	16698	220170	296011	0	14752	0
63	532887	16522	216850	299515	0	14656	0
64	532870	16500	213667	302703	0	14683	0
65	532871	8640	212928	311303	0	7649	0
66	532873	8593	211443	312837	0	7633	0
67	532879	8593	209909	314377	0	7632	0
68	532873	8704	208287	315882	0	7763	0
69	532869	12586	205575	314708	0	11257	0
70	532873	15630	203612	313631	0	13713	0
71	532853	15328	202256	315269	0	13491	0
72	532858	15184	200957	316717	0	13468	0
73	532841	15165	199605	318071	0	13410	0
74	532864	17036	197852	317976	0	14937	0
75	532879	18478	196144	318257	0	16157	0
76	532897	18048	194781	320068	0	15928	0
77	532874	18746	192982	321146	0	16515	0
78	532881	10253	193228	329400	0	8974	0
79	532882	10210	192517	330155	0	9004	0
80	532858	10147	191851	330860	0	8944	0
81	532850	10095	191148	331607	0	8896	0
82	532847	10151	190445	332251	0	8974	0
83	532856	10085	189800	332971	0	8988	0
84	532845	11346	188662	332837	0	9998	0
85	532827	15787	186469	330571	0	13829	0
86	532839	15020	185733	332086	0	13316	0
87	532842	14974	184641	333227	0	13345	0
88	532842	14997	183698	334147	0	13434	0
89	532846	14940	182744	335162	0	13350	0
90	532873	14904	181728	336241	0	13314	0
91	532902	20947	179184	332771	0	18530	0
92	532889	10083	179899	342907	0	9029	0
93	532894	10090	179265	343539	0	9043	0
94	532895	10038	178679	344178	0	9039	0
95	532880	10171	178044	344665	0	9112	0
96	532871	10034	177463	345374	0	9030	0
97	532885	20149	174712	338024	0	17717	0
98	532909	19979	173562	339368	0	17693	0
99	532850	23194	172970	336686	0	20035	0
100	532832	22479	173067	337286	0	19740	0
101	532847	16672	171607	344568	0	14472	0
102	532895	31907	165946	335042	0	27557	0
103	532868	8521	168271	356076	0	7448	0
104	532847	16466	165391	350990	0	14452	0
105	532846	8626	165443	358777	0	7528	0
106	532844	16621	162585	353638	0	14395	0
107	532835	8514	162866	361455	0	7456	0
108	532836	8678	162034	362124	0	7540	0
109	532843	8734	161129	362980	0	7586	0
110	532849	8665	160430	363754	0	7571	0
111	532813	11612	160063	361138	0	10220	0
112	532839	17132	159210	356497	0	14991	0
113	532854	13560	159750	359544	0	12076	0
114	532878	16010	158610	358258	0	14122	0
115	532895	9188	158980	364727	0	8121	0
116	532900	7196	158811	366893	0	6316	0
117	532877	14207	156580	362090	0	12346	0
118	532905	16629	154802	361474	0	14464	0
119	532901	5293	156091	371517	0	4650	0
120	532895	10157	155139	367599	0	8980	0
121	532894	10411	154771	367712	0	9274	0
122	532902	11447	154195	367260	0	10181	0
123	532882	19571	151776	361535	0	17193	0
124	532858	12609	151204	369045	0	10824	0
125	532859	5622	151690	375547	0	4814	0
126	532837	14200	149370	369267	0	12152	0
127	532822	11701	148839	372282	0	9981	0
128	532852	12576	148160	372116	0	10850	0
129	532858	13757	147654	371447	0	12084	0
130	532901	17690	146526	368685	0	15378	0
131	532902	10383	146588	375931	0	8930	0
132	532872	11361	146048	375463	0	9902	0
133	532869	11060	145516	376293	0	9563	0
134	532879	12208	145050	375621	0	10841	0
135	532830	17548	144001	371281	0	15279	0
136	532862	13280	143835	375747	0	11567	0
137	532866	14869	143447	374550	0	13142	0
138	532873	14385	143111	375377	0	12766	0
139	532880	9521	142840	380519	0	8211	0
140	532876	16400	141373	375103	0	14428	0
141	532887	7059	142211	383617	0	6204	0
142	532880	11239	140846	380795	0	9750	0
143	532890	12893	140688	379309	0	11493	0
144	532879	12211	140677	379991	0	11035	0
145	532911	27378	136499	369034	0	23535	0
146	532895	13921	137694	381280	0	12000	0
147	532878	12889	137202	382787	0	11139	0
148	532857	14027	136806	382024	0	12385	0
149	532842	13656	136237	382949	0	11945	0
150	532846	9901	136421	386524	0	8750	0
151	532846	11781	135796	385269	0	10338	0
152	532858	11354	134947	386557	0	9714	0
153	532860	12503	134566	385791	0	10921	0
154	532856	14486	133783	384587	0	12597	0
155	532869	12417	133712	386740	0	10914	0
156	532872	15335	132879	384658	0	13376	0
157	532878	5800	133932	393146	0	5077	0
158	532871	7323	133869	391679	0	6551	0
159	532902	8402	133219	391281	0	7220	0
160	532897	9637	132917	390343	0	8341	0
161	532847	27018	129726	376103	0	23348	0
162	532856	12764	131144	388948	0	10824	0
163	532860	15176	130324	387360	0	13031	0
164	532895	15100	129863	387932	0	13003	0
165	532852	11797	129843	391212	0	10126	0
166	532907	13888	129502	389517	0	12145	0
167	532908	11877	129544	391487	0	10411	0
168	532906	16799	128097	388010	0	14368	0
169	532870	18916	127758	386196	0	16324	0
170	532874	14545	128334	389995	0	12829	0
171	532844	13867	128287	390690	0	12221	0
172	532815	14167	127866	390782	0	12398	0
173	532862	16154	127629	389079	0	14257	0
174	532859	13105	128091	391663	0	11699	0
175	532843	11589	128091	393163	0	10304	0
176	532843	9830	127574	395439	0	8193	0
177	532840	11350	127365	394125	0	9686	0
178	532882	20373	126335	386174	0	17603	0
179	532865	15249	126804	390812	0	13132	0
180	532835	14732	126512	391591	0	12697	0
181	532873	12308	126504	394061	0	10410	0
182	532876	10371	126734	395771	0	8735	0
