1	658.16	430.60	2988.48	482.06	-nan	-nan	inf	inf	44617.63	169.21	753.34	154.04
2	1228.52	765.24	1388.43	346.31	0.00	-nan	inf	12426.41	1273.75	851.56	59637.70	487.76
3	1217.77	743.08	1162.84	349.41	0.00	-nan	inf	5874.65	822.71	754.00	42491.22	429.90
4	1201.48	756.30	1121.97	324.67	0.00	-nan	inf	5108.51	856.44	819.05	65016.57	434.86
5	1134.66	704.36	1061.56	368.17	0.00	-nan	inf	5455.20	743.67	711.94	26446.07	395.37
6	1205.38	744.54	1127.67	343.77	0.00	-nan	inf	5174.00	846.86	807.13	61101.19	437.52
7	1164.25	735.10	1085.32	328.13	0.00	-nan	inf	5304.18	833.19	774.34	66070.94	421.96
8	1245.94	768.36	1120.24	339.81	0.00	-nan	inf	5003.26	846.03	835.82	76938.93	442.69
9	1222.11	757.06	1116.20	321.18	0.00	-nan	inf	5334.16	862.63	818.28	78140.01	438.52
10	1229.57	747.83	1076.19	326.55	0.00	-nan	inf	5367.36	817.55	777.29	79271.12	421.62
11	1223.64	773.09	1094.35	322.71	0.00	-nan	inf	5062.14	869.97	921.58	181299.74	454.47
12	1199.71	775.94	1036.62	344.34	0.00	-nan	inf	5058.03	869.74	842.62	195930.48	429.05
13	1183.06	756.78	1044.31	318.61	0.00	-nan	inf	5254.43	865.91	826.16	163155.90	427.75
14	1192.50	766.92	1096.35	341.50	0.00	-nan	inf	5638.73	867.45	837.13	165450.52	433.81
15	1184.59	751.19	1026.27	328.81	0.00	-nan	inf	5042.37	844.95	843.77	142402.64	427.18
16	1166.16	730.22	1050.32	324.63	0.00	-nan	inf	5338.71	836.48	771.97	83163.54	412.62
17	1215.63	749.75	1103.41	327.95	0.00	-nan	inf	5592.71	854.75	788.70	86157.26	426.62
18	1169.75	729.48	972.29	335.38	0.00	-nan	inf	4832.00	792.22	773.68	73499.60	400.12
19	1157.99	738.04	978.13	344.73	0.00	-nan	inf	4813.81	795.70	798.57	117748.43	410.34
20	1148.67	752.70	977.75	339.38	0.00	-nan	inf	4705.09	799.97	815.08	99266.95	412.42
21	1098.77	719.41	962.21	351.38	0.00	-nan	inf	4632.04	797.67	783.10	127375.28	404.72
22	1140.63	738.78	978.45	320.94	0.00	-nan	inf	4997.44	787.19	783.18	104792.96	405.02
23	1158.79	730.01	950.59	357.99	0.00	-nan	inf	4718.17	771.78	771.81	91090.69	401.00
24	1158.93	738.04	931.36	351.87	0.00	-nan	inf	4771.88	788.31	777.98	96848.58	399.49
25	1161.38	740.98	1045.93	337.36	0.00	-nan	inf	5156.92	817.97	783.60	89052.58	415.59
26	1167.46	745.87	963.80	328.40	0.00	-nan	inf	4655.09	795.78	816.99	98438.11	410.21
27	1145.82	719.47	939.81	342.97	0.00	-nan	inf	4793.16	769.58	750.11	95935.45	390.95
28	1138.42	732.10	951.45	331.41	0.00	-nan	inf	4682.08	802.92	804.10	129960.35	405.50
29	1151.74	728.47	996.98	352.79	0.00	-nan	inf	5368.92	834.73	739.22	110055.59	400.11
30	1139.93	723.14	887.05	337.89	0.00	-nan	inf	4319.56	757.23	787.04	120609.97	391.80
31	1111.89	716.26	905.11	319.91	0.00	-nan	inf	4234.56	766.93	794.43	124159.57	397.03
32	1119.74	717.50	920.47	319.40	0.00	-nan	inf	4761.58	749.18	748.91	111109.04	380.53
33	1119.30	729.02	903.59	330.84	0.00	-nan	inf	4497.51	791.90	788.48	127131.18	394.12
34	1163.36	746.03	911.62	334.70	0.00	-nan	inf	4614.62	792.29	827.54	100965.61	404.67
35	1129.56	723.31	904.62	335.61	0.00	-nan	inf	4255.93	764.04	776.56	123950.21	393.45
36	1108.74	722.38	898.86	339.88	0.00	-nan	inf	4519.26	763.29	787.55	123109.30	393.82
37	1133.95	722.43	894.68	314.81	0.00	-nan	inf	4602.33	767.75	785.98	118317.22	391.11
38	1088.01	702.59	851.23	343.40	0.00	-nan	inf	4271.97	720.37	748.23	88686.77	375.90
39	1092.82	697.91	852.32	350.75	0.00	-nan	inf	4057.64	731.61	758.49	80122.44	375.54
40	1060.26	684.14	835.89	345.39	0.00	-nan	inf	4128.36	740.45	700.62	77402.58	357.34
41	1110.05	708.33	873.65	330.36	0.00	-nan	inf	4235.92	761.92	755.24	151206.98	381.79
42	1135.98	724.48	873.25	363.77	0.00	-nan	inf	4244.62	769.64	789.86	147565.27	390.48
43	1120.16	710.02	828.32	343.34	0.00	-nan	inf	3760.40	738.53	789.61	140091.59	380.36
44	1125.29	722.26	839.50	324.80	0.00	-nan	inf	4328.48	754.24	787.69	127302.60	382.87
45	1052.10	680.84	809.05	329.87	0.00	-nan	inf	3944.99	689.86	673.72	67431.39	348.57
46	1079.63	681.33	785.29	334.44	0.00	-nan	inf	3920.49	697.13	733.37	73481.14	359.20
47	1081.03	699.37	821.34	364.95	0.00	-nan	inf	4005.99	704.25	725.70	67687.17	364.59
48	1062.37	690.61	783.82	325.18	0.00	-nan	inf	4272.76	717.75	706.83	72672.18	352.53
49	1046.78	683.90	811.18	327.88	0.00	-nan	inf	4318.23	714.95	694.68	72039.98	355.23
50	1056.21	689.89	773.75	339.64	0.00	-nan	inf	3828.79	682.21	733.28	87870.86	355.24
51	1023.91	666.24	739.58	337.06	0.00	-nan	inf	3704.00	657.53	654.05	53375.80	330.63
52	1044.78	685.71	756.06	352.57	0.00	-nan	inf	3616.31	736.51	781.09	124584.21	363.28
53	1105.19	702.86	811.47	337.74	0.00	-nan	inf	3931.77	735.94	757.96	142443.96	371.79
54	1051.93	683.03	745.25	341.30	0.00	-nan	inf	3670.61	707.38	746.50	127452.86	354.22
55	1052.17	685.45	752.99	338.45	0.00	-nan	inf	3697.27	709.67	723.43	106230.78	351.37
56	1040.62	687.17	785.05	356.60	0.00	-nan	inf	4047.77	741.47	695.38	115170.85	345.52
57	1037.38	682.51	790.59	335.38	0.00	-nan	inf	3745.09	714.93	718.29	125431.66	357.96
58	1084.02	699.00	826.84	342.37	0.00	-nan	inf	4746.86	753.30	691.41	134806.90	355.11
59	1009.55	661.57	682.95	333.94	0.00	-nan	inf	3306.78	710.69	705.31	118984.81	327.34
60	1021.22	662.56	742.32	327.62	0.00	-nan	inf	4165.61	717.79	643.70	123669.55	329.06
61	1040.88	674.84	759.56	329.59	0.00	-nan	inf	3958.60	753.58	686.11	121727.05	343.23
62	1058.46	686.13	755.76	327.47	0.00	-nan	inf	3443.94	707.07	722.35	115909.92	349.80
63	1030.74	675.12	741.45	347.22	0.00	-nan	inf	3773.52	706.65	691.00	108836.62	339.99
64	1061.89	675.19	762.42	329.64	0.00	-nan	inf	3572.06	734.45	701.99	118093.32	348.36
65	1041.98	652.88	666.08	318.00	0.00	-nan	inf	2914.30	693.54	788.90	205485.98	342.57
66	1087.98	686.88	740.57	324.92	0.00	-nan	inf	3322.03	721.77	776.22	269451.34	358.06
67	1017.39	656.78	632.73	329.00	0.00	-nan	inf	2651.11	688.71	776.53	228552.64	331.78
68	1012.62	651.01	638.77	317.77	0.00	-nan	inf	2799.91	708.13	743.95	224755.38	326.41
69	975.42	639.03	610.60	342.79	0.00	-nan	inf	2817.90	656.88	673.46	176362.72	307.00
70	930.11	617.94	587.31	329.51	0.00	-nan	inf	2567.73	635.08	649.65	104066.21	296.00
71	907.53	604.69	542.84	324.10	0.00	-nan	inf	2271.41	633.63	649.56	102885.83	284.52
72	910.74	604.85	563.13	312.12	0.00	-nan	inf	2287.70	638.04	642.02	107690.74	287.31
73	844.18	569.77	472.93	325.05	0.00	-nan	inf	1857.64	601.26	650.84	125097.60	263.91
74	842.29	562.54	462.84	314.65	0.00	-nan	inf	1772.03	600.86	611.34	106558.62	254.61
75	802.94	529.50	418.83	322.60	0.00	-nan	inf	1538.74	595.59	591.54	97321.19	237.84
76	766.93	512.18	384.23	309.82	0.00	-nan	inf	1377.70	580.56	578.29	94419.64	223.04
77	727.15	489.93	330.59	310.60	0.00	-nan	inf	1142.85	541.56	616.53	81708.69	208.58
78	723.93	479.36	311.17	314.55	0.00	-nan	inf	1032.81	561.66	679.24	165473.02	206.94
79	699.97	472.27	294.28	287.16	0.00	-nan	inf	970.01	570.95	619.17	144740.43	194.70
80	687.31	453.24	257.57	296.06	0.00	-nan	inf	819.53	534.82	614.64	153879.51	176.83
81	663.60	430.60	232.14	277.82	0.00	-nan	inf	738.26	531.52	631.85	151789.83	165.87
82	667.75	430.60	227.52	293.61	0.00	-nan	inf	727.88	562.04	631.33	165706.99	163.88
83	656.60	423.56	208.06	285.76	0.00	-nan	inf	659.69	560.23	650.63	145086.68	154.45
84	677.37	421.69	197.51	295.19	0.00	-nan	inf	628.20	583.85	622.48	147069.37	146.85
85	673.51	430.05	182.03	283.27	0.00	-nan	inf	570.24	570.74	603.65	102111.99	137.20
86	647.13	443.03	166.62	283.63	0.00	-nan	inf	524.63	540.90	600.70	114995.87	128.15
87	659.22	423.28	156.77	304.61	0.00	-nan	inf	490.64	562.92	588.86	110142.48	121.90
88	685.46	416.53	149.29	339.02	0.00	-nan	inf	474.50	568.86	602.18	113175.54	117.67
89	652.63	403.59	138.97	315.62	0.00	-nan	inf	442.10	588.13	594.28	94674.01	111.11
90	674.22	405.15	130.11	275.45	0.00	-nan	inf	407.53	565.84	618.58	128064.40	106.00
91	632.79	404.75	121.58	317.33	0.00	-nan	inf	383.44	551.05	572.00	77558.48	98.94
92	649.14	400.39	115.19	297.02	0.00	-nan	inf	358.79	552.57	640.42	166193.27	96.47
93	647.68	402.60	111.41	292.72	0.00	-nan	inf	348.88	552.81	630.06	181927.47	93.46
94	647.41	411.70	105.06	263.15	0.00	-nan	inf	328.59	550.43	614.16	178241.01	88.57
95	661.76	399.53	100.91	278.37	0.00	-nan	inf	316.93	538.15	615.11	177213.55	85.79
96	660.05	400.77	95.69	294.17	0.00	-nan	inf	301.15	529.40	614.06	184476.06	81.79
97	641.15	407.37	92.66	279.07	0.00	-nan	inf	290.26	520.24	582.67	83845.35	79.11
98	647.82	405.86	89.32	308.78	0.00	-nan	inf	281.70	529.42	599.48	99732.63	76.98
99	634.36	421.02	85.26	315.76	0.00	-nan	inf	269.37	515.98	564.31	64914.50	73.38
100	677.74	403.69	84.68	284.25	0.00	-nan	inf	267.44	504.97	581.69	70041.88	73.03
101	654.78	412.51	82.96	278.41	0.00	-nan	inf	262.35	536.29	602.25	138315.85	72.20
102	634.65	402.80	84.34	317.22	0.00	-nan	inf	268.51	528.87	556.25	53986.04	72.62
103	659.13	393.35	80.49	287.84	0.00	-nan	inf	252.51	555.43	603.15	210307.38	70.36
104	663.74	403.02	78.08	287.97	0.00	-nan	inf	245.22	542.02	617.01	108382.07	68.65
105	678.36	389.92	77.33	356.14	0.00	-nan	inf	242.74	563.34	646.10	208219.19	68.39
106	634.63	396.20	75.59	268.77	0.00	-nan	inf	240.82	569.25	601.72	105626.58	66.58
107	664.52	392.68	73.11	289.14	0.00	-nan	inf	230.24	545.27	600.45	211945.65	64.62
108	644.79	417.60	71.78	290.20	0.00	-nan	inf	227.42	571.58	617.60	225169.58	63.79
109	635.59	390.89	69.84	281.40	0.00	-nan	inf	221.64	556.19	638.51	204149.43	62.38
110	648.43	388.32	66.74	272.93	0.00	-nan	inf	210.58	538.78	610.60	202810.28	59.69
111	635.74	391.29	64.32	290.62	0.00	-nan	inf	203.51	522.29	606.28	159862.01	57.69
112	626.62	396.15	64.06	330.43	0.00	-nan	inf	204.30	507.71	566.37	101434.88	57.12
113	636.39	400.28	62.41	265.51	0.00	-nan	inf	197.94	526.86	611.85	123648.77	56.17
114	656.39	393.57	60.95	297.94	0.00	-nan	inf	193.86	526.06	612.49	121867.76	55.05
115	652.83	392.62	59.71	284.15	0.00	-nan	inf	190.23	525.60	649.92	164086.92	54.26
116	643.56	382.42	58.78	286.67	0.00	-nan	inf	186.62	572.01	616.27	270111.24	53.29
117	658.56	399.90	57.89	278.10	0.00	-nan	inf	184.00	532.08	605.69	110244.11	52.45
118	695.82	394.96	57.38	281.58	0.00	-nan	inf	183.21	534.95	594.15	108482.86	51.99
119	668.01	407.80	56.72	287.20	0.00	-nan	inf	180.12	624.81	634.90	358129.12	51.68
120	629.92	421.98	56.09	318.06	0.00	-nan	inf	179.15	531.43	674.63	185363.96	51.41
121	673.68	406.14	54.69	294.65	0.00	-nan	inf	174.32	535.02	634.80	142754.83	49.98
122	658.72	391.76	53.90	320.05	0.00	-nan	inf	172.60	530.91	607.24	134679.21	49.20
123	635.26	392.47	53.54	278.73	0.00	-nan	inf	170.77	514.45	608.35	85751.61	48.88
124	625.94	404.16	53.48	336.33	0.00	-nan	inf	172.26	551.63	607.87	173823.35	48.84
125	641.92	410.70	52.25	324.36	0.00	-nan	inf	167.34	592.64	684.97	284990.60	48.22
126	665.18	403.97	52.01	262.96	0.00	-nan	inf	166.55	541.69	612.79	139852.14	47.64
127	643.64	392.14	50.92	319.21	0.00	-nan	inf	162.99	496.31	610.66	129711.65	46.68
128	665.29	392.21	50.76	317.56	0.00	-nan	inf	163.21	525.90	590.44	141762.87	46.49
129	652.10	397.73	50.49	319.33	0.00	-nan	inf	162.14	559.71	605.01	109794.51	46.33
130	634.44	406.04	49.14	297.20	0.00	-nan	inf	158.40	502.29	576.92	103262.08	45.03
131	657.64	413.09	48.20	304.85	0.00	-nan	inf	155.55	522.69	594.77	200794.87	44.33
132	637.41	404.41	47.83	300.88	0.00	-nan	inf	154.27	530.58	597.61	131993.83	44.03
133	645.66	393.83	47.19	297.27	0.00	-nan	inf	152.07	525.76	585.33	131909.22	43.43
134	670.43	376.86	46.00	304.42	0.00	-nan	inf	147.52	484.28	617.74	131670.88	42.55
135	659.82	391.88	46.23	287.01	0.00	-nan	inf	149.26	481.35	604.74	98522.86	42.72
136	661.94	401.47	46.23	264.17	0.00	-nan	inf	148.79	501.75	606.21	116397.65	42.73
137	652.67	413.69	45.91	314.78	0.00	-nan	inf	147.52	505.22	581.94	119512.90	42.31
138	638.30	390.75	44.47	257.18	0.00	-nan	inf	143.61	477.52	594.46	134842.21	41.11
139	645.57	394.13	44.10	276.07	0.00	-nan	inf	142.36	518.62	618.80	161203.65	40.94
140	669.06	391.18	42.95	298.01	0.00	-nan	inf	139.09	443.00	577.00	109158.18	39.75
141	635.41	412.98	43.71	367.93	0.00	-nan	inf	140.82	516.05	622.29	267050.35	40.62
142	662.88	393.60	43.24	304.66	0.00	-nan	inf	140.70	532.99	602.96	162961.53	40.15
143	668.63	398.14	42.20	297.72	0.00	-nan	inf	137.19	495.22	626.64	176121.68	39.32
144	649.63	407.38	41.94	265.46	0.00	-nan	inf	135.88	523.86	596.83	136591.30	38.99
145	628.86	385.97	42.13	293.07	0.00	-nan	inf	138.34	469.34	570.15	67068.44	39.04
146	654.59	395.74	42.24	271.62	0.00	-nan	inf	136.79	488.62	605.65	126027.21	39.28
147	655.42	398.53	42.04	307.96	0.00	-nan	inf	136.97	533.04	642.06	136883.79	39.27
148	665.76	394.86	40.45	269.51	0.00	-nan	inf	131.95	491.67	629.20	124611.61	37.81
149	642.32	383.16	39.39	306.24	0.00	-nan	inf	127.90	493.51	589.28	146271.08	36.74
150	640.59	393.22	38.94	281.95	0.00	-nan	inf	126.29	501.41	620.04	155635.39	36.47
151	641.75	400.35	38.58	270.32	0.00	-nan	inf	125.35	492.70	591.11	136117.12	36.03
152	642.23	388.34	38.20	296.21	0.00	-nan	inf	124.76	493.74	592.94	135411.37	35.73
153	622.74	384.80	37.86	274.75	0.00	-nan	inf	123.41	485.22	609.83	146516.48	35.47
154	637.26	389.79	37.41	275.82	0.00	-nan	inf	122.06	477.10	588.34	108256.56	35.02
155	640.48	388.20	37.43	285.65	0.00	-nan	inf	122.04	475.51	595.85	126271.58	35.05
156	630.08	390.80	37.15	283.22	0.00	-nan	inf	121.74	466.84	566.74	102613.64	34.70
157	659.58	398.71	36.78	287.00	0.00	-nan	inf	120.12	548.39	628.91	267190.10	34.58
158	639.88	387.56	36.34	290.35	0.00	-nan	inf	119.27	523.95	632.56	227611.75	34.20
159	654.14	398.64	35.74	292.58	0.00	-nan	inf	116.51	495.29	635.35	182621.62	33.67
160	642.62	393.38	35.40	271.07	0.00	-nan	inf	116.11	486.89	624.75	187453.79	33.34
161	634.42	393.22	36.14	294.99	0.00	-nan	inf	118.52	493.07	544.36	67598.62	33.78
162	644.85	396.45	37.00	301.45	0.00	-nan	inf	121.77	679.88	597.00	122618.89	34.70
163	635.66	395.01	30.68	279.55	0.00	-nan	inf	107.04	523.97	526.56	101305.76	28.87
164	648.17	393.35	35.16	303.60	0.00	-nan	inf	117.45	525.23	567.68	147563.57	33.01
165	653.66	389.07	36.04	278.27	0.00	-nan	inf	119.82	545.30	616.05	130402.14	33.93
166	666.00	402.22	35.62	289.50	0.00	-nan	inf	118.11	651.40	602.52	131277.89	33.49
167	641.57	400.18	35.63	294.90	0.00	-nan	inf	118.15	600.16	589.83	142465.86	33.50
168	650.88	394.03	36.73	270.85	0.00	-nan	inf	121.87	683.22	585.38	99035.20	34.45
169	645.75	395.37	35.56	285.13	0.00	-nan	inf	118.89	670.49	558.02	86589.27	33.32
170	651.15	391.45	34.50	303.11	0.00	-nan	inf	115.11	690.93	600.83	98624.18	32.54
171	643.13	390.13	34.68	300.92	0.00	-nan	inf	115.61	727.68	594.71	96468.18	32.68
172	645.02	390.20	34.43	286.65	0.00	-nan	inf	114.64	688.67	598.27	113667.01	32.47
173	638.24	385.62	34.06	285.66	0.00	-nan	inf	113.42	670.82	590.47	93025.38	32.10
174	637.84	392.77	34.13	296.64	0.00	-nan	inf	114.41	720.05	606.14	123801.46	32.23
175	656.33	381.07	35.47	314.05	0.00	-nan	inf	118.65	733.44	609.02	134623.61	33.41
176	661.17	402.61	35.56	258.15	0.00	-nan	inf	119.50	756.36	622.18	152731.17	33.54
177	659.45	389.32	34.71	298.06	0.00	-nan	inf	115.04	562.52	604.10	146353.08	32.71
178	663.53	409.94	35.26	289.02	0.00	-nan	inf	118.63	570.98	594.23	82061.20	33.18
179	658.85	386.88	35.44	307.92	0.00	-nan	inf	119.11	653.30	619.25	128886.48	33.41
180	651.09	405.23	35.20	322.99	0.00	-nan	inf	118.54	703.40	608.53	128325.00	33.18
181	659.77	406.29	35.00	295.35	0.00	-nan	inf	118.16	700.55	590.83	115906.99	32.90
182	665.48	399.17	35.18	281.97	0.00	-nan	inf	118.57	720.11	613.07	180345.08	33.17
