1	5753709896	5753709896	0	0	0	0
2	5765257580	80725521	5502270229	0	182261830	0
3	5776724843	113812044	5378545001	0	284367798	0
4	5776724843	62002389	5503321863	0	211400591	0
5	5799739691	167593166	5310259800	0	321886725	0
6	5799739691	67997214	5519588491	0	212153986	0
7	5799739691	60959524	5525527724	0	213252443	0
8	5799739691	53924141	5531296555	0	214518995	0
9	5799739691	51407657	5532329206	0	216002828	0
10	5799739691	51274981	5533548555	0	214916155	0
11	5799770906	22768179	5600240077	0	176762650	0
12	5799796909	23475263	5601841834	0	174479812	0
13	5799829293	23067679	5602117568	0	174644046	0
14	5799858617	23194073	5602000805	0	174663739	0
15	5799887248	23747645	5601256005	0	174883598	0
16	5799891145	49873551	5533463938	0	216553656	0
17	5799894061	46664437	5537805291	0	215424333	0
18	5799896763	45776982	5538393384	0	215726397	0
19	5799917705	34689210	5571395014	0	193833481	0
20	5799940046	34494284	5571674912	0	193770850	0
21	5799958793	33034083	5574100729	0	192823981	0
22	5799974747	32526758	5573283677	0	194164312	0
23	5799988321	38427669	5558062103	0	203498549	0
24	5800001843	37853323	5558403506	0	203745014	0
25	5800012206	38169498	5557185709	0	204656999	0
26	5800026001	37092917	5560423633	0	202509451	0
27	5800040864	39398074	5558476479	0	202166311	0
28	5800064258	31279860	5580679667	0	188104731	0
29	5800086932	32224634	5580581454	0	187280844	0
30	5800108250	31576044	5579835726	0	188696480	0
31	5800127931	31808408	5578370115	0	189949408	0
32	5800148109	31153126	5581426520	0	187568463	0
33	5800174615	30253163	5585743983	0	184177469	0
34	5800199865	30284598	5587074413	0	182840854	0
35	5800225494	30032120	5586919900	0	183273474	0
36	5800247695	31387442	5587728156	0	181132097	0
37	5800268273	30288693	5587574258	0	182405322	0
38	5800272594	47889390	5535322384	0	217060820	0
39	5800274515	47315335	5538887336	0	214071844	0
40	5800277429	46001854	5540827031	0	213448544	0
41	5800308316	26842761	5602659379	0	170806176	0
42	5800336299	27245490	5603268464	0	169822345	0
43	5800362163	27164992	5603973787	0	169223384	0
44	5800386912	26244641	5604937034	0	169205237	0
45	5800443511	53255596	5429166741	0	318021174	0
46	5800443511	52828172	5527893745	0	219721594	0
47	5800443511	49651172	5534652143	0	216140196	0
48	5800443511	48546425	5535578028	0	216319058	0
49	5800443511	48643099	5534819522	0	216980890	0
50	5800443511	47523167	5537369943	0	215550401	0
51	5800471500	68575750	5358240913	0	373654837	0
52	5800500014	27146427	5605876119	0	167477468	0
53	5800524576	27681404	5604047141	0	168796031	0
54	5800550986	27452055	5603284368	0	169814563	0
55	5800577146	28246416	5605326201	0	167004529	0
56	5800603374	28794306	5605198988	0	166610080	0
57	5800630551	28087305	5606372341	0	166170905	0
58	5800655123	27823920	5605531015	0	167300188	0
59	5800681248	27831300	5603191886	0	169658062	0
60	5800708032	28177040	5606560704	0	165970288	0
61	5800730536	28848348	5605483546	0	166398642	0
62	5800756932	29828334	5603983110	0	166945488	0
63	5800781506	28729475	5606413360	0	165638671	0
64	5800808001	28772389	5605674314	0	166361298	0
65	5800820622	15350644	5698976022	0	86493956	0
66	5800832916	14917538	5699982660	0	85932718	0
67	5800844732	14954676	5699381004	0	86509052	0
68	5800857620	14802089	5698340246	0	87715285	0
69	5800875284	21164848	5652938917	0	126771519	0
70	5800889844	33669292	5616676411	0	150544141	0
71	5800901686	32395102	5620259612	0	148246972	0
72	5800911978	30677630	5622095295	0	148139053	0
73	5800922708	31475195	5622650632	0	146796881	0
74	5800936332	36428729	5600294378	0	164213225	0
75	5800956029	39653551	5583601685	0	177700793	0
76	5800969523	37383803	5588158129	0	175427591	0
77	5800984631	39393724	5580048888	0	181542019	0
78	5800994359	22449262	5680253652	0	98291445	0
79	5801004032	21748384	5680237698	0	99017950	0
80	5801012033	21708777	5680781210	0	98522046	0
81	5801020223	21431346	5682110816	0	97478061	0
82	5801030163	21290338	5681236705	0	98503120	0
83	5801037105	20433502	5682093854	0	98509749	0
84	5801045825	23994058	5667378271	0	109673496	0
85	5801064015	33408843	5614690142	0	152965030	0
86	5801075049	31019878	5623726520	0	146328651	0
87	5801085646	30229887	5624706648	0	146149111	0
88	5801099885	29699212	5623881879	0	147518794	0
89	5801111097	29827034	5624733596	0	146550467	0
90	5801123050	29697694	5625443232	0	145982124	0
91	5801143102	42113502	5553570535	0	205459065	0
92	5801150077	20127930	5682098165	0	98923982	0
93	5801156960	20074991	5681649054	0	99432915	0
94	5801165530	19448493	5682656707	0	99060330	0
95	5801173014	20338931	5680946255	0	99887828	0
96	5801180711	19590227	5682617539	0	98972945	0
97	5801196173	43471179	5563599116	0	194125878	0
98	5801213277	41851016	5565252952	0	194109309	0
99	5801213277	58492227	5526916252	0	215804798	0
100	5801213277	54142507	5534852606	0	212218164	0
101	5801242235	33438948	5605284104	0	162519183	0
102	5801292327	64942434	5427041877	0	309308016	0
103	5801305713	16887223	5701069513	0	83348977	0
104	5801329857	31608185	5607377772	0	162343900	0
105	5801343264	17291881	5699864569	0	84186814	0
106	5801367115	34102422	5605165347	0	162099346	0
107	5801382201	16880257	5701159977	0	83341967	0
108	5801395312	18087969	5698688884	0	84618459	0
109	5801407964	17958891	5698924023	0	84525050	0
110	5801419018	17605059	5699011238	0	84802721	0
111	5801419018	27910689	5664161789	0	109346540	0
112	5801419018	42152869	5598465529	0	160800620	0
113	5801419018	31029979	5641150144	0	129238895	0
114	5801429671	34264637	5613014520	0	154150514	0
115	5801438512	19646072	5692952969	0	88839471	0
116	5801444507	15424087	5716859824	0	69160596	0
117	5801467782	29045657	5634493753	0	137928372	0
118	5801492364	33418409	5606772911	0	161301044	0
119	5801494927	11395205	5738902034	0	51197688	0
120	5801502011	21868707	5681387636	0	98245668	0
121	5801507930	22087567	5678698302	0	100722061	0
122	5801515681	24463196	5666732846	0	110319639	0
123	5801540044	41405514	5571009156	0	189125374	0
124	5801558456	27067470	5652716877	0	121774109	0
125	5801569242	12154767	5735428159	0	53986316	0
126	5801593108	31492690	5634402078	0	135698340	0
127	5801614103	26408641	5663229536	0	111975926	0
128	5801627343	28494587	5652960651	0	120172105	0
129	5801639561	30437445	5639440294	0	131761822	0
130	5801651077	40612757	5593364153	0	167674167	0
131	5801669052	22161583	5679779526	0	99727943	0
132	5801684205	25175331	5667317179	0	109191695	0
133	5801699956	24916572	5670967788	0	105815596	0
134	5801710278	25401153	5657992824	0	118316301	0
135	5801713905	43639160	5593939348	0	164135397	0
136	5801731600	28872770	5645594975	0	127263855	0
137	5801738789	33382146	5626024266	0	142332377	0
138	5801750250	31090292	5631979055	0	138680903	0
139	5801763538	20973673	5689757051	0	91032814	0
140	5801781432	35294643	5608013570	0	158473219	0
141	5801788051	15292110	5718499173	0	67996768	0
142	5801805306	24186095	5669593158	0	108026053	0
143	5801811470	27883050	5649988722	0	123939698	0
144	5801813531	26152488	5657422861	0	118238182	0
145	5801853813	60583065	5480727183	0	260543565	0
146	5801874500	31177585	5637105668	0	133591247	0
147	5801893373	28603019	5649651031	0	123639323	0
148	5801906521	30629345	5635905965	0	135371211	0
149	5801920196	30327999	5640620802	0	130971395	0
150	5801927761	21174214	5684938401	0	95815146	0
151	5801939927	25746839	5663125252	0	113067836	0
152	5801959010	25336882	5668404862	0	108217266	0
153	5801975169	27918859	5654077461	0	119978849	0
154	5801990497	33027246	5630882766	0	138080485	0
155	5802002318	27008229	5655902662	0	119091427	0
156	5802017506	34446722	5621253419	0	146317365	0
157	5802022427	12655654	5733610974	0	55755799	0
158	5802024481	16080692	5715628672	0	70315117	0
159	5802035829	19159898	5703144238	0	79731693	0
160	5802044689	22317044	5688135659	0	91591986	0
161	5802069937	64525255	5483261241	0	254283441	0
162	5802085829	30604845	5651319514	0	120161470	0
163	5802106933	34645633	5623658400	0	143802900	0
164	5802126378	33890847	5624231830	0	144003701	0
165	5802142141	27321976	5662860804	0	111959361	0
166	5802151582	31933163	5638434656	0	131783763	0
167	5802163148	26996359	5662074089	0	113092700	0
168	5802183880	38906075	5604402248	0	158875557	0
169	5802191415	47273036	5579140943	0	175777436	0
170	5802198965	33757653	5630798366	0	137642946	0
171	5802205665	32524814	5638188006	0	131492845	0
172	5802215509	32517675	5634890730	0	134807104	0
173	5802220456	38168355	5611315680	0	152736421	0
174	5802221778	30121027	5647629791	0	124470960	0
175	5802226503	26043423	5665301437	0	110881643	0
176	5802243083	24561615	5686104628	0	91576840	0
177	5802257120	27552983	5667785913	0	106918224	0
178	5802262256	51772710	5561670483	0	188819063	0
179	5802277854	36372630	5622291991	0	143613233	0
180	5802297814	34495107	5628072222	0	139730485	0
181	5802311600	30494252	5657077826	0	114739522	0
182	5802324798	26245101	5679883581	0	96196116	0
