1	8.791	8.337	12.743	1.836	11.383	0.000	0.000	32.429	7.284	35.622
2	9.306	4.475	7.185	3.960	0.724	2.756	0.000	6.457	0.092	11.272
3	9.226	4.524	7.414	4.738	1.087	4.432	0.000	7.307	0.130	12.815
4	9.191	4.585	7.284	4.910	0.803	3.497	0.000	6.726	0.085	12.669
5	9.187	4.875	7.853	5.210	1.268	5.033	0.000	7.769	0.209	13.990
6	9.324	4.589	7.429	4.905	0.777	3.580	0.000	6.853	0.091	12.642
7	9.313	4.751	7.524	5.096	0.797	3.618	0.000	7.143	0.084	13.108
8	9.333	4.439	7.199	4.937	0.753	3.833	0.000	6.618	0.072	12.494
9	9.324	4.526	7.306	4.955	0.794	3.826	0.000	6.759	0.071	12.613
10	9.249	4.498	7.396	5.139	0.777	3.785	0.000	7.116	0.070	13.118
11	9.340	4.520	7.155	5.054	0.590	1.812	0.000	6.002	0.031	12.171
12	9.290	4.610	7.128	5.336	0.548	1.797	0.000	6.564	0.028	12.892
13	9.249	4.675	7.309	5.296	0.592	1.831	0.000	6.695	0.034	12.931
14	9.267	4.638	7.212	5.045	0.553	1.968	0.000	6.607	0.033	12.750
15	9.223	4.669	7.363	5.390	0.576	1.752	0.000	6.555	0.039	12.948
16	9.229	4.743	7.575	5.266	0.783	3.561	0.000	7.165	0.067	13.405
17	9.244	4.550	7.377	5.013	0.762	3.698	0.000	7.013	0.064	12.965
18	9.197	4.729	7.582	5.689	0.744	3.798	0.000	7.149	0.075	13.824
19	9.209	4.777	7.494	5.655	0.632	2.918	0.000	6.926	0.047	13.480
20	9.237	4.815	7.349	5.657	0.641	2.844	0.000	6.786	0.056	13.412
21	9.245	5.034	7.689	5.749	0.613	2.795	0.000	7.063	0.043	13.667
22	9.234	4.849	7.487	5.653	0.674	2.875	0.000	7.063	0.053	13.657
23	9.164	4.773	7.577	5.819	0.644	3.349	0.000	7.167	0.061	13.794
24	9.185	4.773	7.495	5.939	0.655	3.271	0.000	7.110	0.057	13.846
25	9.194	4.763	7.465	5.288	0.686	3.403	0.000	7.059	0.062	13.310
26	9.191	4.738	7.416	5.739	0.696	3.322	0.000	6.770	0.056	13.484
27	9.262	4.827	7.688	5.886	0.672	3.242	0.000	7.374	0.058	14.149
28	9.188	4.859	7.556	5.814	0.631	2.701	0.000	6.879	0.043	13.641
29	9.193	4.803	7.593	5.548	0.593	2.785	0.000	7.483	0.050	13.825
30	9.154	4.852	7.649	6.236	0.622	2.734	0.000	7.028	0.046	14.118
31	9.226	4.975	7.723	6.111	0.661	2.895	0.000	6.963	0.045	13.932
32	9.207	4.940	7.709	6.009	0.653	2.729	0.000	7.386	0.050	14.536
33	9.162	4.942	7.588	6.122	0.618	2.637	0.000	7.015	0.044	14.035
34	9.279	4.755	7.415	6.068	0.607	2.645	0.000	6.684	0.055	13.669
35	9.182	4.897	7.647	6.115	0.606	2.685	0.000	7.123	0.045	14.059
36	9.166	4.989	7.657	6.154	0.596	2.588	0.000	7.024	0.045	14.046
37	9.160	4.878	7.657	6.183	0.644	2.640	0.000	7.038	0.047	14.143
38	9.166	5.084	7.873	6.498	0.736	4.197	0.000	7.393	0.062	14.716
39	9.148	5.062	7.926	6.490	0.711	4.043	0.000	7.293	0.069	14.730
40	9.140	5.217	8.085	6.618	0.716	4.197	0.000	7.895	0.071	15.480
41	9.179	4.983	7.809	6.332	0.571	2.226	0.000	7.324	0.037	14.489
42	9.154	4.869	7.635	6.335	0.517	2.159	0.000	7.003	0.037	14.166
43	9.156	4.938	7.791	6.678	0.545	2.239	0.000	7.006	0.039	14.543
44	9.194	4.916	7.659	6.589	0.574	2.230	0.000	7.023	0.043	14.448
45	9.211	5.258	8.125	6.837	1.073	4.296	0.000	8.211	0.082	15.870
46	9.154	5.124	8.119	7.044	0.777	4.329	0.000	7.543	0.075	15.400
47	9.140	5.117	7.910	6.735	0.695	4.539	0.000	7.623	0.082	15.172
48	9.121	5.207	8.010	7.057	0.777	4.458	0.000	7.826	0.076	15.691
49	9.166	5.285	8.088	6.819	0.773	4.457	0.000	7.963	0.077	15.572
50	9.138	5.237	8.018	7.149	0.739	4.231	0.000	7.544	0.063	15.572
51	9.101	5.403	8.303	7.480	1.251	5.920	0.000	8.458	0.104	16.731
52	9.132	5.295	8.067	7.317	0.526	2.317	0.000	7.082	0.044	15.227
53	9.127	5.005	7.870	6.817	0.555	2.413	0.000	7.298	0.039	14.879
54	9.115	5.259	8.099	7.423	0.551	2.461	0.000	7.410	0.043	15.617
55	9.153	5.258	8.070	7.347	0.550	2.409	0.000	7.647	0.052	15.744
56	9.112	5.316	8.050	7.047	0.523	2.525	0.000	7.955	0.048	16.010
57	9.179	5.333	8.105	6.997	0.552	2.434	0.000	7.701	0.044	15.454
58	9.140	5.103	7.914	6.690	0.544	2.421	0.000	8.001	0.041	15.578
59	9.091	5.480	8.362	8.100	0.564	2.484	0.000	7.843	0.046	16.900
60	9.135	5.417	8.349	7.452	0.565	2.388	0.000	8.594	0.045	16.812
61	9.113	5.315	8.197	7.283	0.565	2.450	0.000	8.063	0.045	16.117
62	9.115	5.226	8.063	7.320	0.573	2.521	0.000	7.658	0.048	15.815
63	9.088	5.367	8.194	7.461	0.534	2.473	0.000	8.006	0.051	16.271
64	9.102	5.210	8.193	7.256	0.565	2.506	0.000	7.881	0.047	15.880
65	9.115	5.309	8.473	8.305	0.305	1.347	0.000	7.012	0.027	16.149
66	9.117	5.085	8.054	7.470	0.296	1.392	0.000	7.127	0.021	15.450
67	9.125	5.438	8.423	8.743	0.294	1.375	0.000	7.124	0.024	16.674
68	9.104	5.463	8.498	8.661	0.308	1.388	0.000	7.436	0.025	16.948
69	9.092	5.672	8.657	9.060	0.412	2.032	0.000	8.215	0.031	18.020
70	9.122	5.948	8.953	9.419	0.533	3.003	0.000	8.516	0.053	18.690
71	9.055	6.096	9.149	10.191	0.532	2.913	0.000	8.517	0.054	19.444
72	9.036	6.074	9.146	9.824	0.546	2.811	0.000	8.617	0.051	19.255
73	9.038	6.553	9.709	11.698	0.523	2.962	0.000	8.500	0.044	20.962
74	9.009	6.568	9.834	11.953	0.608	3.331	0.000	9.049	0.052	21.728
75	8.970	6.890	10.448	13.209	0.643	3.521	0.000	9.352	0.057	23.260
76	8.951	7.213	10.801	14.398	0.655	3.586	0.000	9.566	0.059	24.804
77	8.990	7.608	11.292	16.734	0.678	3.748	0.000	8.973	0.068	26.523
78	8.947	7.642	11.541	17.779	0.366	2.023	0.000	8.145	0.033	26.733
79	8.868	7.904	11.714	18.799	0.401	2.053	0.000	8.935	0.038	28.414
80	8.866	8.049	12.206	21.478	0.387	2.064	0.000	9.001	0.036	31.285
81	8.813	8.337	12.848	23.832	0.408	2.050	0.000	8.756	0.036	33.353
82	8.805	8.285	12.848	24.316	0.389	2.224	0.000	8.763	0.033	33.759
83	8.809	8.426	13.061	26.590	0.397	2.175	0.000	8.503	0.038	35.819
84	8.796	8.167	13.119	28.010	0.432	2.209	0.000	8.888	0.038	37.673
85	8.763	8.214	12.864	30.392	0.627	2.997	0.000	9.165	0.054	40.322
86	8.880	8.549	12.488	33.204	0.596	2.944	0.000	9.210	0.048	43.172
87	8.827	8.392	13.070	35.289	0.552	3.018	0.000	9.395	0.050	45.383
88	8.922	8.071	13.282	37.059	0.499	2.892	0.000	9.187	0.049	47.017
89	8.902	8.477	13.708	39.809	0.533	3.183	0.000	9.309	0.058	49.793
90	8.887	8.206	13.655	42.520	0.608	2.882	0.000	8.944	0.043	52.194
91	9.001	8.743	13.669	45.505	0.744	4.205	0.000	9.672	0.071	55.917
92	9.035	8.523	13.817	48.027	0.382	2.199	0.000	8.639	0.033	57.348
93	9.021	8.542	13.742	49.658	0.389	2.081	0.000	8.781	0.030	59.194
94	9.194	8.545	13.438	52.658	0.429	2.011	0.000	9.008	0.031	62.461
95	9.091	8.360	13.847	54.827	0.412	2.112	0.000	8.994	0.031	64.489
96	9.112	8.382	13.805	57.814	0.384	1.909	0.000	9.010	0.030	67.645
97	9.177	8.629	13.581	59.704	0.812	4.245	0.000	9.495	0.066	69.930
98	9.269	8.540	13.631	61.938	0.729	4.279	0.000	9.229	0.055	71.866
99	9.225	8.721	13.141	64.886	0.828	5.551	0.000	9.804	0.085	75.395
100	9.223	8.163	13.705	65.337	0.894	5.253	0.000	9.511	0.079	75.760
101	9.151	8.449	13.412	66.688	0.671	2.898	0.000	9.186	0.040	76.632
102	9.229	8.717	13.735	65.601	1.125	5.526	0.000	9.946	0.102	76.190
103	9.144	8.394	14.065	68.735	0.332	1.482	0.000	9.173	0.026	78.628
104	9.239	8.335	13.728	70.862	0.642	2.926	0.000	8.967	0.051	80.585
105	9.214	8.156	14.189	71.547	0.272	1.527	0.000	8.563	0.027	80.892
106	9.198	8.718	13.964	73.189	0.696	2.972	0.000	9.195	0.052	83.099
107	9.144	8.326	14.089	75.676	0.331	1.540	0.000	9.214	0.026	85.619
108	9.253	8.580	13.249	77.077	0.338	1.591	0.000	8.958	0.025	86.732
109	9.212	8.705	14.154	79.215	0.347	1.585	0.000	8.665	0.027	88.686
110	9.153	8.532	14.248	82.903	0.358	1.581	0.000	9.061	0.027	92.693
111	9.157	8.703	14.140	86.021	0.450	2.953	0.000	9.126	0.035	95.905
112	9.198	8.829	13.966	86.367	0.586	4.265	0.000	9.769	0.055	96.853
113	9.176	8.694	13.822	88.644	0.576	3.396	0.000	9.042	0.045	98.495
114	9.250	8.429	14.057	90.779	0.603	3.493	0.000	9.033	0.045	100.510
115	9.101	8.475	14.092	92.664	0.364	1.891	0.000	8.513	0.034	101.973
116	9.154	8.597	14.468	94.133	0.281	1.448	0.000	8.978	0.020	103.821
117	9.175	8.401	13.835	95.579	0.573	2.424	0.000	9.134	0.050	105.480
118	9.168	7.951	14.008	96.415	0.659	3.001	0.000	9.312	0.051	106.417
119	9.190	8.282	13.567	97.541	0.208	1.117	0.000	8.714	0.015	107.062
120	9.315	8.783	13.111	98.642	0.360	2.390	0.000	8.201	0.030	107.627
121	9.178	8.213	13.623	101.161	0.397	2.238	0.000	8.716	0.039	110.708
122	9.219	8.399	14.123	102.643	0.402	2.409	0.000	9.111	0.041	112.450
123	9.101	8.709	14.097	103.331	0.789	3.954	0.000	9.095	0.065	113.195
124	9.322	8.839	13.690	103.462	0.422	2.218	0.000	9.102	0.032	113.295
125	9.197	8.619	13.472	105.892	0.194	1.098	0.000	8.077	0.019	114.753
126	9.286	8.318	13.696	106.385	0.606	2.602	0.000	9.029	0.040	116.144
127	9.147	8.596	14.109	108.666	0.413	2.156	0.000	9.060	0.043	118.517
128	9.132	8.316	14.107	108.998	0.446	2.357	0.000	9.371	0.039	119.018
129	9.020	8.485	13.911	109.577	0.484	3.510	0.000	9.145	0.050	119.423
130	9.191	8.721	13.626	112.601	0.668	3.623	0.000	9.590	0.054	122.881
131	9.278	8.413	13.394	114.800	0.381	1.921	0.000	9.303	0.028	124.815
132	9.201	8.680	13.681	115.690	0.426	2.576	0.000	9.258	0.042	125.671
133	9.193	8.569	14.049	117.239	0.419	2.143	0.000	9.453	0.042	127.404
134	9.195	8.253	14.682	120.269	0.450	2.622	0.000	8.957	0.042	130.037
135	9.206	8.386	14.119	119.686	0.690	4.100	0.000	9.149	0.056	129.530
136	9.112	8.359	13.782	119.674	0.564	2.674	0.000	9.127	0.048	129.494
137	9.223	8.477	13.375	120.518	0.532	3.342	0.000	9.508	0.046	130.759
138	9.086	8.668	14.160	124.423	0.630	3.212	0.000	9.308	0.041	134.581
139	9.307	8.571	14.038	125.468	0.387	1.948	0.000	8.942	0.034	135.140
140	9.208	8.270	14.144	128.825	0.620	3.461	0.000	9.589	0.051	139.185
141	9.159	8.708	13.398	126.592	0.216	1.569	0.000	8.891	0.021	136.217
142	9.109	8.347	14.058	127.973	0.414	2.149	0.000	9.177	0.034	137.809
143	9.240	8.275	13.897	131.127	0.486	3.107	0.000	8.830	0.031	140.724
144	9.223	8.517	13.582	131.933	0.519	2.868	0.000	9.271	0.041	141.922
145	9.218	8.799	14.335	131.340	1.045	5.110	0.000	9.705	0.082	141.712
146	9.195	8.453	13.982	130.991	0.579	2.307	0.000	9.136	0.044	140.871
147	9.225	8.442	13.884	131.620	0.471	2.615	0.000	8.618	0.040	140.908
148	9.197	8.311	14.013	136.779	0.587	3.060	0.000	8.794	0.044	146.322
149	9.122	8.614	14.441	140.475	0.502	2.941	0.000	9.390	0.038	150.584
150	9.202	8.638	14.071	142.097	0.396	2.143	0.000	8.924	0.036	151.713
151	9.157	8.622	13.821	143.434	0.490	2.565	0.000	9.361	0.041	153.556
152	9.161	8.616	14.248	144.842	0.430	2.063	0.000	9.332	0.041	154.868
153	9.143	8.885	14.379	146.153	0.513	2.689	0.000	9.073	0.038	156.004
154	9.144	8.683	14.195	147.903	0.592	2.883	0.000	9.405	0.051	158.005
155	9.165	8.639	14.254	147.834	0.488	2.668	0.000	9.286	0.044	157.853
156	9.133	8.782	14.159	148.951	0.609	3.356	0.000	9.763	0.054	159.465
157	9.208	8.389	13.878	150.461	0.227	1.226	0.000	8.798	0.021	160.021
158	9.181	8.647	14.277	152.251	0.284	1.797	0.000	8.747	0.024	161.772
159	9.181	8.459	13.880	154.803	0.322	1.684	0.000	8.709	0.030	164.345
160	9.140	8.610	14.066	156.297	0.401	1.972	0.000	8.857	0.030	165.970
161	9.026	8.722	14.072	153.099	1.031	5.932	0.000	10.165	0.082	163.808
162	9.114	8.581	13.957	149.532	0.477	2.553	0.000	9.269	0.045	159.466
163	9.815	8.705	14.008	180.331	0.609	2.979	0.000	10.508	0.055	191.652
164	9.433	8.537	14.067	157.387	0.559	2.922	0.000	9.747	0.037	167.632
165	9.395	8.465	14.222	153.547	0.477	2.252	0.000	8.982	0.042	163.089
166	8.910	8.308	13.757	155.356	0.539	3.044	0.000	9.184	0.042	165.204
167	8.839	8.625	13.827	155.286	0.453	2.700	0.000	9.381	0.039	165.174
168	8.878	8.501	14.043	150.656	0.696	3.421	0.000	9.453	0.056	160.638
169	8.854	8.569	13.996	155.617	0.746	4.562	0.000	9.916	0.064	166.066
170	9.460	8.498	14.136	160.367	0.539	3.380	0.000	9.210	0.056	170.057
171	8.886	8.604	14.184	159.546	0.520	3.264	0.000	9.304	0.057	169.308
172	8.810	8.579	14.181	160.708	0.557	3.256	0.000	9.249	0.049	170.411
173	8.805	8.670	14.349	162.478	0.637	4.009	0.000	9.371	0.059	172.355
174	8.883	8.675	14.088	162.106	0.497	3.275	0.000	9.129	0.045	171.702
175	9.058	8.431	14.521	156.023	0.416	2.829	0.000	9.086	0.041	165.644
176	9.074	8.369	13.744	155.595	0.429	1.696	0.000	8.894	0.036	165.001
177	9.088	8.391	14.213	159.436	0.430	2.277	0.000	9.160	0.038	169.177
178	9.154	8.339	13.498	156.917	0.794	4.866	0.000	9.312	0.067	166.748
179	9.034	8.399	14.303	156.143	0.557	3.470	0.000	8.936	0.043	165.618
180	9.109	8.499	13.655	157.186	0.514	3.239	0.000	9.093	0.043	166.780
181	8.994	8.387	13.620	158.120	0.469	2.378	0.000	9.366	0.048	168.183
182	9.091	8.315	13.863	157.308	0.414	2.259	0.000	9.026	0.031	166.830
