1	142	3.9625	724.50
2	146	3.8539	636.55
3	149	3.7765	641.88
4	152	3.7021	631.43
5	155	3.6304	618.64
6	158	3.5616	620.93
7	161	3.4952	596.10
8	164	3.4314	598.42
9	167	3.3697	599.69
10	170	3.3104	573.87
11	183	3.1056	576.02
12	186	3.0555	543.21
13	190	2.9912	540.54
14	193	2.9448	533.83
15	196	2.8998	541.67
16	199	2.8563	532.48
17	202	2.8139	535.18
18	205	2.7727	528.67
19	208	2.7327	518.02
20	211	2.6940	512.37
21	214	2.6562	483.32
22	216	2.6318	500.24
23	219	2.5958	501.98
24	222	2.5608	500.21
25	225	2.5267	498.47
26	228	2.4936	486.13
27	230	2.4719	486.41
28	234	2.4297	482.69
29	236	2.4096	479.64
30	241	2.3598	479.94
31	243	2.3405	473.59
32	246	2.3120	468.30
33	248	2.2935	467.10
34	252	2.2571	461.98
35	254	2.2394	456.93
36	258	2.2044	448.47
37	261	2.1792	444.76
38	264	2.1544	445.55
39	267	2.1303	449.49
40	270	2.1067	441.29
41	272	2.0912	441.38
42	274	2.0760	439.71
43	279	2.0388	432.20
44	281	2.0244	420.72
45	282	2.0172	434.51
46	285	1.9960	420.46
47	287	1.9821	426.16
48	290	1.9616	415.86
49	293	1.9416	403.52
50	295	1.9285	396.28
51	299	1.9028	390.10
52	301	1.8902	397.68
53	306	1.8594	393.60
54	308	1.8474	394.72
55	310	1.8355	391.95
56	313	1.8180	386.56
57	319	1.7838	377.68
58	319	1.7839	337.58
59	323	1.7618	378.83
60	326	1.7457	366.41
61	328	1.7353	387.63
62	332	1.7144	349.14
63	333	1.7095	382.51
64	280	2.1490	421.73
65	284	2.1188	418.83
66	294	2.0468	415.84
67	295	2.0399	427.30
68	299	2.0128	391.43
69	295	2.0401	424.96
70	313	1.9228	392.38
71	310	1.9414	418.25
72	317	1.8986	408.90
73	329	1.8576	405.06
74	336	1.8190	397.50
75	345	1.7715	387.78
76	347	1.7614	380.25
77	347	1.7614	386.71
78	356	1.7169	379.71
79	363	1.6839	368.24
80	377	1.6401	362.16
81	368	1.6802	376.35
82	372	1.6623	376.75
83	383	1.6146	368.08
84	394	1.5696	354.70
85	393	1.5737	360.55
86	403	1.5347	360.76
87	400	1.5462	354.35
88	405	1.5272	344.48
89	425	1.4554	335.34
90	421	1.4693	345.58
91	423	1.4624	335.03
92	433	1.4286	331.36
93	432	1.4320	341.18
94	438	1.4124	333.96
95	439	1.4092	335.65
96	444	1.3933	331.80
97	445	1.3902	320.95
98	454	1.3627	330.55
99	459	1.3479	325.52
100	451	1.3718	325.69
101	463	1.3363	316.52
102	465	1.3306	323.69
103	471	1.3137	317.29
104	468	1.3221	324.76
105	475	1.3026	315.82
106	476	1.2999	318.51
107	480	1.2891	313.77
108	488	1.2680	308.58
109	489	1.2654	316.05
110	492	1.2577	315.77
111	495	1.2501	312.41
112	499	1.2400	311.20
113	499	1.2401	305.67
114	504	1.2278	312.77
115	510	1.2134	301.32
116	507	1.2205	299.21
117	510	1.2134	300.81
118	516	1.1993	310.28
119	519	1.1923	292.18
120	519	1.1924	300.78
121	528	1.1721	297.40
122	531	1.1655	298.18
123	531	1.1655	292.96
124	534	1.1589	296.56
125	537	1.1525	293.28
126	540	1.1461	300.67
127	543	1.1397	293.44
128	546	1.1335	292.34
129	542	1.1419	286.40
130	546	1.1335	289.82
131	554	1.1171	283.84
132	558	1.1091	286.28
133	560	1.1052	286.08
134	566	1.0935	285.74
135	569	1.0877	280.96
136	570	1.0857	284.05
137	568	1.0896	281.17
138	583	1.0616	283.72
139	579	1.0689	274.12
140	578	1.0708	280.25
141	587	1.0543	274.05
142	589	1.0508	282.45
143	588	1.0526	277.27
144	600	1.0315	271.45
145	600	1.0315	262.86
146	600	1.0315	259.57
147	604	1.0247	264.26
148	606	1.0213	267.35
149	611	1.0130	266.03
150	610	1.0147	238.16
151	622	0.9951	250.81
152	622	0.9951	247.06
153	629	0.9841	264.07
154	630	0.9825	258.79
155	630	0.9825	251.66
156	635	0.9748	258.26
157	640	0.9672	257.72
158	648	0.9553	258.66
159	646	0.9582	258.13
160	656	0.9436	262.87
161	660	0.9379	263.48
162	662	0.9351	263.95
163	665	0.9309	252.89
164	660	0.9379	266.50
165	666	0.9295	257.44
166	673	0.9198	259.78
167	672	0.9212	257.74
168	678	0.9130	256.34
169	674	0.9185	259.13
170	682	0.9077	256.95
171	687	0.9011	255.47
172	682	0.9077	254.50
173	701	0.8831	247.05
174	701	0.8832	253.48
175	702	0.8819	251.85
176	704	0.8794	254.34
177	715	0.8659	249.34
178	718	0.8623	246.91
179	719	0.8611	253.72
180	723	0.8563	251.57
181	730	0.8481	238.74
182	730	0.8481	251.10
183	725	0.8540	248.11
184	731	0.8470	246.16
185	739	0.8378	246.54
186	737	0.8401	246.75
187	736	0.8412	250.71
188	742	0.8344	244.21
189	747	0.8289	246.60
190	751	0.8245	241.95
191	751	0.8245	241.81
192	751	0.8246	243.98
193	761	0.8138	242.41
194	763	0.8116	243.72
195	768	0.8064	244.49
196	766	0.8085	240.58
197	769	0.8054	241.72
198	778	0.7961	241.72
199	779	0.7951	242.29
200	791	0.7830	236.62
201	787	0.7870	239.96
202	787	0.7870	241.04
203	792	0.7820	240.88
204	797	0.7772	234.92
205	803	0.7714	238.77
206	803	0.7714	239.69
207	805	0.7694	236.13
208	808	0.7666	234.61
209	815	0.7600	231.45
210	817	0.7582	233.38
211	823	0.7527	227.51
212	819	0.7564	234.69
213	816	0.7592	236.12
214	816	0.7592	233.45
215	837	0.7402	229.65
216	833	0.7437	231.22
217	847	0.7314	230.37
218	837	0.7402	228.69
219	843	0.7349	231.46
220	849	0.7297	226.26
221	859	0.7212	225.83
222	853	0.7263	229.13
223	860	0.7204	229.08
224	858	0.7222	230.52
225	865	0.7163	223.29
226	868	0.7139	225.13
227	869	0.7130	222.69
228	873	0.7098	226.76
229	884	0.7009	222.01
230	885	0.7002	224.40
231	884	0.7009	221.56
232	888	0.6978	222.64
233	904	0.6855	220.18
234	904	0.6855	221.41
235	901	0.6878	218.13
236	903	0.6862	219.59
237	911	0.6802	219.38
238	911	0.6802	219.70
239	930	0.6663	216.56
240	929	0.6671	218.58
241	932	0.6649	216.41
242	941	0.6586	216.29
243	944	0.6565	212.26
244	939	0.6600	215.77
245	954	0.6496	210.82
246	939	0.6600	216.15
247	514	1.2210	318.03
248	526	1.1932	311.17
249	528	1.1887	310.83
250	545	1.1517	306.45
251	554	1.1330	297.14
252	555	1.1310	297.69
253	556	1.1290	302.14
254	572	1.0974	290.92
255	592	1.0732	295.91
256	614	1.0348	288.00
257	615	1.0332	287.57
258	627	1.0134	285.26
259	619	1.0265	280.87
260	630	1.0086	281.75
261	637	0.9976	281.53
262	642	0.9898	282.53
263	664	0.9723	284.23
264	675	0.9565	277.28
265	670	0.9636	274.59
266	681	0.9481	276.27
267	693	0.9317	268.56
268	703	0.9185	268.64
269	705	0.9159	268.17
270	722	0.8943	266.13
271	718	0.8993	267.59
272	730	0.8846	255.20
273	728	0.8870	265.38
274	713	0.9189	270.75
275	723	0.9062	269.45
276	722	0.9074	269.65
277	737	0.8890	264.68
278	739	0.8866	266.69
279	737	0.8890	258.72
280	744	0.8807	263.00
281	754	0.8690	264.00
282	753	0.8702	260.25
283	767	0.8543	255.59
284	767	0.8543	254.33
285	769	0.8521	261.60
286	778	0.8422	259.90
287	785	0.8347	254.46
288	790	0.8295	258.44
289	784	0.8358	255.51
290	805	0.8140	253.25
291	796	0.8233	255.22
292	795	0.8344	256.42
293	799	0.8303	253.91
294	813	0.8160	256.10
295	811	0.8180	257.32
296	820	0.8091	252.91
297	819	0.8101	256.44
298	843	0.7870	249.79
299	838	0.7917	248.54
300	851	0.7796	240.84
