1	8.532	7.655	11.948	1.670	9.842	0.000	0.000	28.034	7.175	30.434
2	9.142	4.320	7.314	5.152	0.650	2.704	0.000	7.389	0.079	13.175
3	9.089	4.446	7.479	5.987	1.004	4.475	0.000	7.471	0.129	14.282
4	9.045	4.919	7.836	7.167	0.825	3.681	0.000	6.978	0.085	14.830
5	9.088	5.090	8.296	6.594	1.223	5.256	0.000	8.288	0.196	15.982
6	9.194	4.313	7.283	5.640	0.862	3.756	0.000	7.378	0.063	13.560
7	9.128	4.997	8.020	7.536	0.669	3.849	0.000	7.382	0.074	15.733
8	9.156	4.923	8.017	6.838	0.798	3.786	0.000	7.648	0.043	15.156
9	9.242	4.414	7.364	6.049	0.700	3.554	0.000	6.159	0.079	13.057
10	9.282	3.885	6.676	4.401	0.717	3.143	0.000	5.695	0.078	11.231
11	9.163	4.591	7.460	6.331	0.527	1.909	0.000	6.290	0.033	13.564
12	9.298	4.550	7.310	5.869	0.564	1.976	0.000	6.239	0.036	13.201
13	9.131	4.498	7.339	6.725	0.546	1.913	0.000	6.633	0.024	14.116
14	9.044	5.049	7.958	7.127	0.623	1.313	0.000	7.259	0.027	15.088
15	9.119	4.849	7.646	6.562	0.483	1.967	0.000	6.785	0.033	14.102
16	9.186	4.469	7.399	5.870	0.814	3.751	0.000	7.114	0.062	13.900
17	8.997	5.536	8.378	8.760	0.795	3.791	0.000	7.526	0.068	16.872
18	9.133	4.985	7.976	7.217	0.823	3.269	0.000	7.035	0.058	15.519
19	9.121	4.848	7.704	6.877	0.563	2.277	0.000	6.966	0.034	14.735
20	9.035	4.912	7.791	7.853	0.627	2.859	0.000	7.294	0.047	15.903
21	8.997	5.236	8.280	8.195	0.788	2.042	0.000	7.285	0.045	16.320
22	9.082	5.047	7.932	7.810	0.601	3.264	0.000	6.925	0.045	15.483
23	9.165	4.800	7.401	5.446	0.644	2.978	0.000	6.552	0.059	13.216
24	9.062	5.178	8.258	8.817	0.764	3.253	0.000	7.474	0.055	17.004
25	9.087	4.966	7.850	7.346	0.718	3.082	0.000	7.045	0.046	15.012
26	9.144	4.940	7.790	6.174	0.759	3.252	0.000	7.535	0.054	14.701
27	9.126	5.044	7.941	7.955	0.541	2.783	0.000	7.419	0.060	16.084
28	9.033	5.108	8.112	7.972	0.702	2.540	0.000	7.041	0.042	15.691
29	9.091	5.261	8.060	8.239	0.613	2.437	0.000	7.329	0.048	16.527
30	9.147	4.503	7.441	6.291	0.672	2.618	0.000	7.036	0.032	14.131
31	9.069	5.228	8.256	8.518	0.619	2.840	0.000	7.147	0.040	16.272
32	9.060	5.485	8.119	8.418	0.526	2.579	0.000	7.970	0.045	17.040
33	9.136	4.882	7.689	6.464	0.644	2.428	0.000	6.957	0.046	14.351
34	9.116	5.162	8.303	8.300	0.575	2.583	0.000	7.813	0.040	16.705
35	9.004	5.485	8.437	9.223	0.560	2.669	0.000	7.237	0.038	17.047
36	9.089	5.560	8.341	8.572	0.613	2.432	0.000	7.407	0.036	16.746
37	9.186	4.681	7.579	6.702	0.582	2.269	0.000	6.455	0.042	14.379
38	9.080	4.870	8.002	7.413	0.711	3.747	0.000	7.540	0.060	15.766
39	9.035	5.477	8.478	8.746	0.617	3.818	0.000	7.389	0.056	16.926
40	9.084	5.261	8.184	7.861	0.809	4.021	0.000	8.313	0.068	17.537
41	9.092	5.126	8.098	8.042	0.473	2.205	0.000	7.770	0.052	16.650
42	9.010	5.554	8.530	8.686	0.536	2.106	0.000	7.575	0.035	16.968
43	9.106	5.496	8.372	8.238	0.489	2.295	0.000	7.685	0.036	16.679
44	9.158	4.612	7.731	7.451	0.468	2.272	0.000	6.590	0.045	14.729
45	9.009	5.738	8.890	9.892	0.852	4.230	0.000	8.435	0.076	19.815
46	8.958	5.942	9.224	11.141	0.757	4.566	0.000	8.037	0.081	19.879
47	9.120	4.749	7.714	6.812	0.686	4.226	0.000	6.940	0.062	14.633
48	9.043	5.274	8.462	8.501	0.660	4.170	0.000	7.449	0.076	16.592
49	8.975	5.822	8.825	9.949	0.567	4.489	0.000	8.387	0.065	19.231
50	8.927	5.952	9.150	10.782	0.738	4.265	0.000	8.125	0.128	19.519
51	8.935	5.997	9.336	11.410	1.234	5.902	0.000	9.576	0.101	21.697
52	9.090	4.891	7.815	6.812	0.508	2.242	0.000	7.663	0.042	15.198
53	9.079	4.906	8.093	8.665	0.460	2.426	0.000	7.148	0.026	16.433
54	8.954	5.570	8.589	8.834	0.661	2.214	0.000	7.854	0.044	17.265
55	8.987	6.035	9.027	11.464	0.479	2.478	0.000	8.451	0.045	20.503
56	9.103	5.130	7.864	7.103	0.611	2.294	0.000	6.989	0.044	15.110
57	9.030	5.672	8.842	9.899	0.532	2.209	0.000	9.216	0.049	21.352
58	8.969	6.077	9.267	11.753	0.563	2.484	0.000	8.237	0.039	21.083
59	8.961	5.568	8.747	9.675	0.516	2.381	0.000	9.507	0.048	19.789
60	8.990	5.825	8.992	10.401	0.613	2.347	0.000	8.373	0.033	19.318
61	9.067	5.415	8.163	8.256	0.492	2.203	0.000	7.484	0.039	16.458
62	9.020	5.616	8.913	10.803	0.550	2.501	0.000	7.629	0.046	20.259
63	8.920	6.000	9.090	10.845	0.549	2.410	0.000	8.223	0.032	19.693
64	8.941	5.763	8.940	9.761	0.468	2.423	0.000	8.174	0.042	18.481
65	9.071	5.508	8.297	9.464	0.291	1.244	0.000	6.850	0.023	17.005
66	9.126	4.524	7.492	6.691	0.256	1.217	0.000	6.882	0.022	14.427
67	8.929	6.052	9.034	9.990	0.285	1.198	0.000	8.071	0.024	18.759
68	8.928	6.157	9.623	12.395	0.266	1.391	0.000	8.319	0.024	21.329
69	9.070	5.231	8.012	7.717	0.403	1.820	0.000	7.425	0.019	15.845
70	9.109	5.264	8.359	9.354	0.498	2.562	0.000	8.268	0.047	18.232
71	8.965	5.877	9.028	10.739	0.538	2.562	0.000	9.190	0.037	20.918
72	8.927	5.441	8.699	10.307	0.536	2.846	0.000	7.434	0.045	18.277
73	9.063	5.536	8.537	10.111	0.487	2.496	0.000	7.760	0.032	18.562
74	9.094	5.220	8.155	8.301	0.543	2.870	0.000	7.295	0.048	16.340
75	8.972	5.760	8.992	11.671	0.669	3.696	0.000	7.366	0.058	19.872
76	8.876	6.092	9.178	11.190	0.592	3.357	0.000	8.292	0.045	20.053
77	8.934	5.811	9.474	11.807	0.606	3.330	0.000	8.329	0.051	20.742
78	9.010	5.969	8.850	9.707	0.298	2.067	0.000	7.412	0.032	17.984
79	8.991	5.611	8.833	11.053	0.340	1.805	0.000	6.743	0.034	18.552
80	9.011	5.291	8.484	9.516	0.278	1.943	0.000	7.237	0.037	17.465
81	8.898	6.131	9.305	10.996	0.367	1.781	0.000	8.931	0.033	20.443
82	8.863	6.264	9.845	13.037	0.323	1.863	0.000	9.135	0.033	22.866
83	9.093	5.563	8.157	7.857	0.338	2.173	0.000	7.294	0.023	16.010
84	9.061	5.162	8.069	7.345	0.392	2.502	0.000	7.555	0.027	15.639
85	9.118	4.920	7.784	7.227	0.505	3.042	0.000	6.939	0.032	14.840
86	9.091	5.243	8.125	7.793	0.517	2.785	0.000	7.938	0.046	16.594
87	9.169	5.338	8.201	8.009	0.497	2.982	0.000	7.688	0.048	16.400
88	9.046	5.467	8.253	8.275	0.445	3.004	0.000	7.938	0.046	16.784
89	9.106	5.166	7.979	7.404	0.534	2.254	0.000	7.221	0.049	15.298
90	9.136	5.442	8.155	8.020	0.541	3.040	0.000	7.798	0.050	16.498
91	9.105	5.186	7.576	7.027	0.848	3.376	0.000	6.446	0.052	14.561
92	9.058	5.520	8.362	8.349	0.353	1.913	0.000	7.535	0.028	16.548
93	9.055	5.700	8.430	8.579	0.334	2.041	0.000	7.586	0.031	16.726
94	9.062	5.503	8.365	8.332	0.350	1.960	0.000	7.768	0.029	16.767
95	9.101	5.691	8.416	8.479	0.410	2.407	0.000	7.505	0.028	16.761
96	9.069	5.532	8.223	8.151	0.369	1.813	0.000	7.448	0.029	16.257
97	9.120	5.552	8.299	8.113	0.594	3.304	0.000	8.107	0.052	16.940
98	9.246	4.303	7.057	5.096	0.694	3.895	0.000	7.166	0.055	12.764
99	9.087	4.751	7.622	6.818	0.855	4.481	0.000	7.397	0.068	14.764
100	9.026	5.483	8.328	7.970	0.830	4.739	0.000	8.034	0.072	16.635
101	9.082	5.393	8.185	8.120	0.579	2.690	0.000	7.913	0.035	16.593
102	9.020	5.859	8.847	9.115	1.235	4.885	0.000	9.175	0.076	18.875
103	9.063	5.593	8.507	8.617	0.266	1.245	0.000	7.251	0.024	16.371
104	9.043	5.230	8.029	7.746	0.608	2.687	0.000	7.702	0.032	15.999
105	9.079	5.432	8.134	8.512	0.244	1.483	0.000	7.141	0.016	16.320
106	9.120	4.435	7.607	6.682	0.597	2.838	0.000	7.280	0.041	14.562
107	9.089	5.078	7.899	7.483	0.233	1.426	0.000	7.279	0.022	15.404
108	9.089	5.645	8.295	8.012	0.288	1.246	0.000	7.764	0.024	16.460
109	9.165	5.152	7.467	6.885	0.317	1.221	0.000	6.878	0.027	14.469
110	9.050	5.767	8.613	8.967	0.296	1.209	0.000	7.740	0.037	17.266
111	9.073	5.606	8.610	9.117	0.399	2.935	0.000	7.901	0.044	17.517
112	9.016	5.942	8.705	9.077	0.584	4.066	0.000	8.441	0.059	18.175
113	9.039	5.759	8.573	8.789	0.495	2.965	0.000	7.881	0.035	17.289
114	9.115	5.571	8.117	7.995	0.480	3.079	0.000	7.608	0.032	16.224
115	9.009	5.815	8.583	8.845	0.367	1.954	0.000	7.577	0.028	17.082
116	9.096	5.496	8.281	8.605	0.213	1.731	0.000	6.777	0.016	16.085
117	8.987	5.758	8.796	9.234	0.516	2.381	0.000	8.147	0.048	17.807
118	9.150	4.676	7.786	7.582	0.669	2.757	0.000	6.987	0.056	15.113
119	9.030	5.682	8.490	9.077	0.176	1.120	0.000	7.195	0.013	16.809
120	9.133	5.183	8.048	8.398	0.377	2.066	0.000	6.548	0.033	16.573
121	9.040	5.894	8.757	9.482	0.340	2.308	0.000	7.781	0.034	17.865
122	9.039	5.582	8.571	9.208	0.417	2.536	0.000	7.575	0.029	17.447
123	9.043	5.771	8.798	9.273	0.679	3.390	0.000	8.486	0.060	18.297
124	9.113	5.101	8.172	8.834	0.385	1.864	0.000	6.718	0.028	16.092
125	9.118	5.625	8.483	9.132	0.250	1.020	0.000	7.702	0.022	17.772
126	9.109	5.706	8.559	9.200	0.470	2.383	0.000	7.886	0.046	17.699
127	9.018	5.723	8.646	9.250	0.378	1.786	0.000	7.929	0.027	17.676
128	9.079	5.760	8.785	9.579	0.348	2.672	0.000	8.070	0.041	18.210
129	9.084	5.234	8.134	8.252	0.487	2.918	0.000	7.600	0.043	16.362
130	9.052	5.798	8.624	9.246	0.681	3.667	0.000	8.131	0.060	18.135
131	9.061	5.684	8.467	9.054	0.350	1.547	0.000	7.520	0.026	17.322
132	9.144	5.751	8.639	9.058	0.392	2.275	0.000	8.016	0.044	17.618
133	9.051	5.875	8.571	9.271	0.438	1.856	0.000	7.656	0.044	17.613
134	8.993	5.820	8.827	9.524	0.490	2.531	0.000	8.054	0.040	18.096
135	9.077	5.492	8.425	8.537	0.630	4.048	0.000	8.008	0.044	17.091
136	9.008	5.966	8.748	9.398	0.536	2.583	0.000	7.696	0.046	17.630
137	9.113	5.738	8.739	9.433	0.531	3.098	0.000	8.238	0.038	18.247
138	9.017	5.538	8.537	9.307	0.516	2.921	0.000	7.451	0.044	17.295
139	9.287	4.987	8.107	8.502	0.334	1.245	0.000	6.328	0.032	15.365
140	8.989	5.970	9.024	10.084	0.542	3.355	0.000	8.246	0.049	18.920
141	9.024	5.959	8.864	9.822	0.239	1.271	0.000	7.612	0.015	17.978
142	9.026	5.852	8.851	9.351	0.379	2.157	0.000	8.271	0.039	18.114
143	9.003	5.213	8.147	8.816	0.477	2.801	0.000	6.575	0.040	16.005
144	9.009	5.861	8.651	9.649	0.449	3.024	0.000	7.432	0.039	17.711
145	9.057	5.382	8.453	9.132	1.198	4.853	0.000	7.996	0.086	17.695
146	9.127	4.950	8.056	8.448	0.491	2.136	0.000	6.755	0.049	15.798
147	9.062	6.022	9.004	10.094	0.530	2.409	0.000	8.145	0.041	18.775
148	9.022	5.875	8.764	9.885	0.446	2.717	0.000	8.212	0.047	18.607
149	9.018	6.071	8.918	10.077	0.459	2.601	0.000	7.635	0.051	18.310
150	9.079	5.444	8.245	8.359	0.326	2.018	0.000	7.479	0.038	16.376
151	9.125	5.574	8.501	8.533	0.377	2.042	0.000	8.197	0.032	17.266
152	8.996	6.205	9.221	10.514	0.451	1.753	0.000	8.105	0.037	19.151
153	9.136	5.684	8.299	8.959	0.467	2.585	0.000	7.627	0.037	17.195
154	9.026	5.983	9.090	10.376	0.577	2.737	0.000	8.412	0.058	19.254
155	8.924	6.035	8.987	10.328	0.465	2.409	0.000	7.985	0.043	18.854
156	9.085	6.130	9.092	10.534	0.510	2.539	0.000	8.378	0.045	19.434
157	9.072	5.456	7.950	8.741	0.211	1.009	0.000	6.770	0.015	16.207
158	9.048	5.793	8.839	9.866	0.199	1.683	0.000	7.674	0.023	18.038
159	9.454	4.282	6.521	6.679	0.289	1.623	0.000	3.286	0.026	10.766
160	9.021	4.704	8.190	8.289	0.338	2.105	0.000	7.500	0.035	16.326
161	9.013	6.132	9.104	10.532	0.368	2.314	0.000	7.813	0.035	18.934
162	8.988	6.232	9.174	10.450	0.860	3.991	0.000	8.882	0.079	19.945
163	9.005	5.845	8.954	10.503	0.509	2.546	0.000	7.003	0.043	18.098
164	9.151	4.870	7.918	8.668	0.356	2.857	0.000	5.961	0.057	15.137
165	9.012	6.176	9.153	10.542	0.565	2.691	0.000	8.346	0.053	19.407
166	9.002	5.706	8.797	9.847	0.383	1.847	0.000	7.533	0.047	17.971
167	9.010	6.059	9.052	10.479	0.387	3.029	0.000	7.971	0.038	19.087
168	9.069	5.766	8.973	9.888	0.407	2.327	0.000	8.018	0.038	18.490
169	9.004	6.188	9.153	10.568	0.499	3.022	0.000	8.326	0.052	19.490
170	9.059	5.947	8.945	10.236	0.558	4.140	0.000	8.045	0.059	18.861
171	9.036	6.314	9.369	11.274	0.374	3.604	0.000	8.750	0.037	20.569
172	9.007	6.017	8.954	10.084	0.477	3.047	0.000	7.855	0.050	18.413
173	8.945	5.923	8.900	10.064	0.455	2.484	0.000	7.944	0.051	18.606
174	9.039	5.547	8.399	8.727	0.574	3.652	0.000	7.822	0.050	17.085
175	8.981	6.096	9.082	10.384	0.479	3.336	0.000	8.158	0.053	19.053
176	8.985	6.268	9.135	10.601	0.361	2.527	0.000	8.155	0.036	19.334
177	9.130	6.511	9.558	11.160	0.360	1.780	0.000	8.911	0.036	20.617
178	9.043	5.878	8.636	9.434	0.394	2.160	0.000	7.842	0.043	17.810
179	9.033	5.775	8.676	9.125	0.796	4.428	0.000	8.080	0.075	17.839
180	8.907	5.941	8.825	9.645	0.621	3.171	0.000	8.066	0.056	18.245
181	8.980	6.334	9.215	11.039	0.512	3.055	0.000	8.401	0.054	19.958
182	8.931	5.997	8.775	10.380	0.432	2.379	0.000	7.787	0.050	18.712
183	9.072	5.832	8.328	9.441	0.344	2.132	0.000	7.897	0.037	17.870
184	8.960	6.097	9.110	10.561	0.273	2.248	0.000	7.988	0.035	19.055
185	9.093	6.055	8.949	10.518	0.356	2.405	0.000	7.835	0.047	18.990
186	9.136	4.902	7.754	8.785	0.300	1.252	0.000	5.243	0.031	14.551
187	9.028	6.359	9.298	10.900	0.342	1.676	0.000	7.940	0.037	20.061
188	8.996	6.056	9.094	10.460	0.470	2.054	0.000	8.177	0.040	19.170
189	9.072	5.698	8.591	9.295	0.525	2.618	0.000	7.898	0.033	17.768
190	8.995	6.124	8.979	10.596	0.377	2.796	0.000	7.765	0.043	18.923
191	9.034	6.168	9.227	10.761	0.416	2.305	0.000	7.959	0.042	19.250
192	9.015	6.240	9.375	10.785	0.457	2.888	0.000	8.596	0.043	19.970
193	9.063	5.825	7.701	8.686	0.465	1.822	0.000	7.704	0.042	16.820
194	9.041	6.120	8.936	9.910	0.458	1.945	0.000	8.173	0.052	18.731
195	9.120	5.793	8.888	10.223	0.382	2.494	0.000	7.520	0.033	18.272
196	9.018	6.346	9.432	11.202	0.454	2.827	0.000	8.536	0.045	20.247
197	9.045	5.833	8.961	10.031	0.336	1.848	0.000	7.994	0.037	18.534
198	9.005	5.946	8.837	10.456	0.431	2.847	0.000	7.530	0.045	18.567
199	9.118	5.380	8.313	9.941	0.535	4.304	0.000	6.448	0.063	16.966
200	9.037	6.312	9.058	10.847	0.165	1.096	0.000	7.568	0.020	19.061
