1	716.81	459.27	3285.85	557.54	-nan	-nan	inf	inf	63617.83	195.73	764.74	180.30
2	1272.68	751.70	1067.27	385.77	0.00	-nan	inf	4934.32	880.03	744.09	69301.56	417.32
3	1239.17	736.58	920.13	378.30	0.00	-nan	inf	4395.58	823.10	737.39	42782.92	385.73
4	1119.91	703.06	768.70	316.06	0.00	-nan	inf	2448.31	734.56	789.55	64633.65	371.48
5	1086.74	666.73	838.81	381.71	0.00	-nan	inf	3589.03	681.29	667.39	28227.92	346.08
6	1282.30	759.43	980.68	310.09	0.00	-nan	inf	5397.82	968.94	749.71	88119.15	407.89
7	1106.89	689.65	733.99	390.77	0.00	-nan	inf	2773.31	770.25	749.23	75078.90	351.57
8	1123.62	689.88	808.89	320.74	0.00	-nan	inf	2852.66	723.72	723.22	129487.60	364.94
9	1253.14	751.10	914.35	364.57	0.00	-nan	inf	4089.21	897.04	898.03	69819.90	423.62
10	1423.65	828.52	1256.68	353.87	0.00	-nan	inf	8164.89	1169.25	971.18	71188.51	492.50
11	1204.76	741.43	873.61	361.25	0.00	-nan	inf	3564.03	858.78	879.38	167405.95	407.78
12	1215.73	756.60	942.51	334.83	0.00	-nan	inf	4676.65	905.52	886.59	151612.23	419.01
13	1229.79	753.62	822.49	345.36	0.00	-nan	inf	4072.22	975.31	833.90	232381.66	391.84
14	1095.41	695.07	776.09	302.89	0.00	-nan	inf	2882.87	757.54	762.01	204600.73	366.59
15	1140.63	723.43	842.91	391.88	0.00	-nan	inf	3990.56	855.86	815.24	165709.08	392.22
16	1237.70	747.59	942.30	312.14	0.00	-nan	inf	5277.22	938.33	777.46	89551.00	397.93
17	999.18	660.21	631.45	314.42	0.00	-nan	inf	2421.99	682.38	734.92	80794.77	327.83
18	1109.60	693.50	766.42	303.12	0.00	-nan	inf	2925.92	752.14	786.29	94969.48	356.42
19	1140.81	717.99	804.35	387.04	0.00	-nan	inf	3131.17	795.97	794.04	164390.07	375.38
20	1126.16	709.91	704.39	347.09	0.00	-nan	inf	2707.87	733.67	758.36	118083.21	347.81
21	1056.30	668.05	674.92	273.38	0.00	-nan	inf	2576.74	692.18	759.25	123190.91	338.93
22	1095.89	697.37	708.20	359.75	0.00	-nan	inf	2921.61	733.81	798.77	121904.33	357.24
23	1152.32	747.34	1015.69	358.37	0.00	-nan	inf	5750.54	961.35	844.16	93754.02	418.52
24	1068.26	669.85	627.34	301.67	0.00	-nan	inf	2278.32	675.98	740.03	101306.10	325.29
25	1113.83	704.67	752.99	322.44	0.00	-nan	inf	3066.02	769.76	785.10	120363.89	368.46
26	1119.65	710.07	895.95	300.89	0.00	-nan	inf	5374.75	918.94	734.04	103370.13	376.26
27	1096.66	696.52	695.33	425.48	0.00	-nan	inf	2779.57	741.45	745.52	92224.52	343.91
28	1082.88	681.86	693.85	297.84	0.00	-nan	inf	2312.71	674.47	785.60	132434.03	352.52
29	1051.32	686.31	671.38	341.75	0.00	-nan	inf	2600.28	648.73	754.73	116035.12	334.68
30	1228.46	743.35	879.23	312.41	0.00	-nan	inf	5053.80	973.75	786.17	170244.51	391.43
31	1058.11	670.02	649.35	341.92	0.00	-nan	inf	2335.71	657.13	774.00	136754.18	339.95
32	1008.49	681.28	657.09	396.85	0.00	-nan	inf	2587.25	661.77	694.01	123480.94	324.61
33	1133.14	719.36	855.77	317.58	0.00	-nan	inf	5340.75	879.14	795.09	121004.47	385.45
34	1071.58	666.18	666.47	353.76	0.00	-nan	inf	2451.16	655.13	708.00	139779.69	331.14
35	1008.55	655.61	599.75	363.32	0.00	-nan	inf	2398.52	671.29	764.39	145723.70	324.48
36	994.89	663.20	645.29	330.81	0.00	-nan	inf	2592.96	640.08	746.77	153173.30	330.32
37	1181.72	729.87	825.36	348.51	0.00	-nan	inf	4111.11	818.03	856.91	132715.14	384.69
38	1135.90	691.30	746.19	355.32	0.00	-nan	inf	3369.05	799.27	733.64	92348.30	350.85
39	1009.92	652.45	632.45	404.25	0.00	-nan	inf	2431.17	651.16	748.66	99116.14	326.82
40	1051.35	675.88	703.65	305.75	0.00	-nan	inf	3071.28	702.76	665.43	80770.62	315.42
41	1079.06	683.05	687.84	398.32	0.00	-nan	inf	2790.34	733.62	711.92	107295.22	332.23
42	996.02	648.49	636.87	350.33	0.00	-nan	inf	2477.25	639.87	730.25	158795.23	326.00
43	1006.55	660.73	671.45	382.63	0.00	-nan	inf	3246.48	721.98	719.76	152778.65	331.65
44	1199.30	715.56	742.44	398.64	0.00	-nan	inf	3409.59	788.34	839.37	121870.02	375.57
45	964.00	622.26	559.22	415.82	0.00	-nan	inf	2111.32	594.92	655.78	72384.05	279.17
46	930.96	599.73	496.53	343.55	0.00	-nan	inf	1777.86	511.13	688.31	68362.22	278.28
47	1164.82	717.13	812.05	369.43	0.00	-nan	inf	4349.18	826.99	797.12	88577.19	378.04
48	1048.77	653.69	650.72	382.83	0.00	-nan	inf	3022.45	707.48	742.65	72507.39	333.39
49	950.17	626.86	556.03	446.54	0.00	-nan	inf	2369.78	614.17	659.53	85622.60	287.65
50	929.46	604.59	513.06	339.75	0.00	-nan	inf	1980.82	538.59	680.86	43136.13	283.40
51	922.49	592.53	484.80	341.80	0.00	-nan	inf	1877.56	485.23	577.64	54848.65	254.96
52	1131.05	707.84	812.10	365.32	0.00	-nan	inf	4497.64	831.10	721.92	131618.36	363.97
53	1127.54	683.52	638.44	407.55	0.00	-nan	inf	2186.23	661.08	773.87	210840.08	336.63
54	993.10	644.09	626.23	284.80	0.00	-nan	inf	2588.66	704.95	704.33	125338.99	320.41
55	916.70	612.80	482.53	388.59	0.00	-nan	inf	1647.53	509.56	654.61	124124.61	269.81
56	1078.40	703.49	778.86	305.11	0.00	-nan	inf	4152.10	838.61	791.54	125862.00	366.11
57	975.22	625.67	558.81	348.23	0.00	-nan	inf	2241.38	620.83	600.26	113607.96	259.08
58	910.33	596.95	470.67	330.30	0.00	-nan	inf	1577.54	535.05	671.63	140657.93	262.39
59	993.49	632.47	571.76	365.11	0.00	-nan	inf	2010.71	569.53	581.90	116349.66	279.55
60	949.67	615.24	531.88	301.82	0.00	-nan	inf	2010.65	566.74	660.69	168714.70	286.37
61	1021.66	677.68	670.03	378.29	0.00	-nan	inf	3024.81	683.20	739.18	142813.09	336.12
62	985.12	620.67	512.07	341.26	0.00	-nan	inf	1966.31	589.64	725.11	119428.18	273.07
63	922.00	608.60	510.11	337.72	0.00	-nan	inf	1862.56	575.81	672.76	171488.77	280.92
64	959.97	618.77	566.73	397.57	0.00	-nan	inf	2433.52	631.43	676.78	131873.22	299.34
65	1004.36	666.75	584.52	333.53	0.00	-nan	inf	2384.20	657.71	807.56	243340.09	325.32
66	1222.88	738.36	826.75	375.73	0.00	-nan	inf	3827.96	874.33	803.84	251094.11	383.45
67	914.05	612.39	553.77	340.04	0.00	-nan	inf	2248.05	656.45	685.43	231653.47	294.91
68	898.51	574.86	446.32	367.54	0.00	-nan	inf	1442.43	497.44	665.01	233383.77	259.37
69	1057.63	690.49	716.85	349.66	0.00	-nan	inf	3462.30	743.17	745.06	291841.41	349.14
70	1050.84	661.85	591.42	352.42	0.00	-nan	inf	2326.67	591.91	669.13	117373.38	303.42
71	941.25	612.79	515.16	319.98	0.00	-nan	inf	2198.80	567.78	601.99	149276.06	264.47
72	1016.67	635.92	536.73	318.35	0.00	-nan	inf	2129.33	585.39	744.21	121629.16	302.68
73	999.30	648.01	547.13	349.23	0.00	-nan	inf	2022.65	549.93	712.93	172192.20	298.04
74	1059.91	678.36	666.47	352.64	0.00	-nan	inf	3701.46	854.29	758.37	116293.62	338.57
75	960.41	615.21	474.02	309.69	0.00	-nan	inf	1803.84	529.51	751.04	96137.33	278.39
76	908.12	602.75	494.39	343.12	0.00	-nan	inf	2055.27	539.09	667.19	122908.53	275.88
77	952.08	583.91	468.57	347.88	0.00	-nan	inf	1832.97	505.44	664.24	108887.56	266.72
78	926.81	625.09	569.91	386.18	0.00	-nan	inf	2744.10	624.45	746.36	172991.22	307.62
79	985.96	626.30	500.51	339.02	0.00	-nan	inf	2084.09	585.36	820.47	162094.01	298.21
80	1045.52	652.09	581.39	413.14	0.00	-nan	inf	2156.44	638.22	764.41	149432.13	316.76
81	902.42	594.56	503.13	308.66	0.00	-nan	inf	2211.16	572.08	619.47	169774.87	270.62
82	883.22	561.94	424.34	353.24	0.00	-nan	inf	1565.82	457.68	605.63	166065.12	241.95
83	994.44	678.23	704.10	335.66	0.00	-nan	inf	6145.35	914.94	758.47	241142.89	345.55
84	1071.81	685.58	753.17	325.26	0.00	-nan	inf	6413.94	1014.90	732.22	202670.93	353.75
85	1124.49	710.75	765.52	352.23	0.00	-nan	inf	6811.20	1023.02	797.30	173606.73	372.81
86	1055.22	680.94	709.92	327.11	0.00	-nan	inf	6260.47	987.34	696.90	120614.29	333.40
87	1036.41	674.60	690.80	338.16	0.00	-nan	inf	6514.05	972.55	719.56	115118.12	337.33
88	1011.91	670.35	668.54	379.50	0.00	-nan	inf	6376.90	984.33	696.95	121552.93	329.62
89	1070.82	693.35	747.19	314.95	0.00	-nan	inf	6900.39	1075.19	766.15	113827.76	361.64
90	1016.56	678.44	689.83	309.89	0.00	-nan	inf	6497.29	1010.18	709.49	110119.07	335.34
91	1066.88	730.28	787.34	278.56	0.00	-nan	inf	7392.77	1060.29	858.26	106613.76	379.94
92	1002.32	661.61	662.62	321.56	0.00	-nan	inf	5670.99	952.78	734.20	195705.82	334.33
93	970.55	656.24	644.91	341.25	0.00	-nan	inf	5738.63	881.04	729.26	179292.04	330.77
94	1005.31	661.38	664.00	322.98	0.00	-nan	inf	5994.88	944.87	712.19	190451.39	329.95
95	972.17	657.34	652.47	279.62	0.00	-nan	inf	5963.17	955.66	737.20	200908.95	330.08
96	1000.04	672.79	678.77	306.31	0.00	-nan	inf	6058.50	1072.94	742.77	189538.42	340.32
97	996.44	666.66	681.96	381.32	0.00	-nan	inf	6688.59	957.54	682.39	106144.27	326.59
98	1285.67	783.94	1085.71	324.10	0.00	-nan	inf	11643.80	1452.01	772.00	100086.26	433.45
99	1164.48	725.83	811.39	305.95	0.00	-nan	inf	7681.76	1055.25	747.89	81703.46	374.73
100	1009.05	664.28	694.17	305.88	0.00	-nan	inf	6607.88	979.09	688.65	77110.79	332.57
101	1025.81	675.94	681.37	322.62	0.00	-nan	inf	6436.04	966.35	699.19	157679.36	333.43
102	944.21	625.39	607.00	288.92	0.00	-nan	inf	6447.16	861.09	602.99	72505.65	293.11
103	989.26	650.34	642.02	359.96	0.00	-nan	inf	5507.43	1078.25	762.96	232567.84	337.95
104	1057.83	689.05	714.22	303.99	0.00	-nan	inf	6452.83	1037.90	718.33	170395.74	345.81
105	1018.51	680.22	649.97	396.44	0.00	-nan	inf	5693.62	1030.12	774.72	354358.04	339.00
106	1247.36	727.30	827.94	313.23	0.00	-nan	inf	7978.61	1008.66	759.97	136385.52	379.93
107	1089.58	700.43	739.35	410.59	0.00	-nan	inf	6453.78	1043.27	760.12	250458.54	359.16
108	980.05	667.01	690.55	339.65	0.00	-nan	inf	7100.38	1086.16	712.62	233543.34	336.12
109	1073.91	740.92	803.53	308.76	0.00	-nan	inf	6967.75	1027.63	804.43	208119.69	382.37
110	959.30	642.33	616.99	329.71	0.00	-nan	inf	5479.20	976.05	714.80	151335.22	320.43
111	986.94	642.60	606.86	328.35	0.00	-nan	inf	5327.59	896.51	700.29	125215.89	315.85
112	931.09	635.61	609.53	331.32	0.00	-nan	inf	6034.03	893.58	655.45	94264.47	304.41
113	960.73	645.35	629.52	308.78	0.00	-nan	inf	6013.82	950.31	701.99	156706.06	320.02
114	993.08	681.62	691.98	374.33	0.00	-nan	inf	6524.36	1021.75	727.22	173432.63	341.01
115	951.45	644.62	625.55	282.06	0.00	-nan	inf	5832.66	1023.09	730.22	194231.45	323.90
116	1006.77	668.13	642.96	377.89	0.00	-nan	inf	5699.08	971.13	816.38	346681.41	343.96
117	960.80	628.97	599.20	308.57	0.00	-nan	inf	5487.96	902.07	679.15	116478.12	310.71
118	1183.33	710.65	729.76	277.67	0.00	-nan	inf	6346.54	1010.03	791.91	98594.59	366.09
119	973.75	651.68	609.51	338.64	0.00	-nan	inf	5363.82	1053.45	768.94	412121.91	329.15
120	1067.57	687.45	658.85	304.01	0.00	-nan	inf	5735.52	930.92	845.00	170028.99	333.83
121	938.76	631.81	583.47	344.63	0.00	-nan	inf	5276.54	914.81	711.04	162079.60	309.69
122	991.11	645.50	600.83	307.97	0.00	-nan	inf	5658.85	920.10	730.38	193142.38	317.12
123	958.80	628.85	596.69	323.61	0.00	-nan	inf	5690.01	844.63	652.02	91582.60	302.38
124	1084.59	677.06	626.32	368.98	0.00	-nan	inf	5557.05	966.57	823.63	199819.33	343.82
125	983.53	652.19	605.90	252.64	0.00	-nan	inf	5325.49	1002.48	718.39	250138.23	311.32
126	969.66	646.43	601.42	338.96	0.00	-nan	inf	5836.57	900.34	701.56	119628.76	312.60
127	966.71	639.90	598.13	348.89	0.00	-nan	inf	5636.80	907.61	697.82	206011.48	313.01
128	960.62	629.83	577.63	407.36	0.00	-nan	inf	5538.65	879.81	685.60	135606.06	303.84
129	1057.03	680.18	670.47	317.50	0.00	-nan	inf	6627.29	1014.92	728.03	129611.94	338.15
130	954.30	641.54	598.42	291.51	0.00	-nan	inf	6019.85	895.07	680.44	92498.42	305.09
131	973.34	653.50	611.10	332.41	0.00	-nan	inf	5963.63	922.24	735.77	212501.55	319.41
132	962.07	640.48	610.84	326.96	0.00	-nan	inf	5875.91	931.88	690.20	125318.05	314.04
133	941.84	645.54	596.80	284.92	0.00	-nan	inf	6213.37	926.49	722.70	125375.18	314.14
134	950.73	626.81	580.98	279.68	0.00	-nan	inf	5754.80	917.88	686.98	138973.25	305.76
135	1007.44	656.73	648.08	314.73	0.00	-nan	inf	6581.58	967.73	690.89	126253.78	323.74
136	927.39	632.49	588.75	278.00	0.00	-nan	inf	5743.26	878.40	718.99	120570.11	313.84
137	964.22	633.11	586.57	315.71	0.00	-nan	inf	5740.70	885.09	671.67	145302.38	303.22
138	999.18	648.10	594.52	313.92	0.00	-nan	inf	5682.54	846.70	742.62	125924.13	319.93
139	1109.48	682.49	650.77	320.18	0.00	-nan	inf	5571.42	1003.07	874.37	171067.06	360.11
140	926.76	613.18	548.70	340.88	0.00	-nan	inf	5623.05	830.69	671.03	113878.40	292.45
141	928.55	624.23	563.34	332.43	0.00	-nan	inf	5823.44	973.63	726.87	371144.10	307.77
142	945.49	625.10	591.69	332.51	0.00	-nan	inf	5826.50	952.91	668.98	141861.72	305.46
143	1061.39	679.12	627.58	303.46	0.00	-nan	inf	5695.24	959.41	841.46	139670.29	345.70
144	943.98	639.60	573.46	306.95	0.00	-nan	inf	5452.16	878.62	744.45	140201.20	312.41
145	1028.06	654.54	605.91	255.53	0.00	-nan	inf	6289.47	788.58	691.96	63994.34	312.69
146	1117.78	686.86	654.94	319.75	0.00	-nan	inf	6164.66	963.61	819.11	112475.07	350.24
147	918.80	614.55	548.14	273.98	0.00	-nan	inf	5499.30	915.83	679.36	133524.38	294.70
148	941.82	631.33	559.76	354.61	0.00	-nan	inf	5623.53	832.52	673.75	117997.30	297.37
149	911.43	620.46	549.08	335.44	0.00	-nan	inf	5389.17	899.28	724.75	108802.33	302.19
150	1016.43	671.09	661.96	341.96	0.00	-nan	inf	6392.43	1064.82	739.79	146306.08	337.88
151	992.74	650.87	648.45	351.06	0.00	-nan	inf	6936.89	991.69	675.05	174399.13	320.47
152	891.67	600.03	526.25	282.56	0.00	-nan	inf	5419.07	837.10	682.73	149614.13	288.93
153	973.52	666.76	617.64	302.32	0.00	-nan	inf	6293.34	892.50	725.49	148717.81	321.78
154	924.76	608.73	533.27	282.76	0.00	-nan	inf	5428.07	788.83	657.79	95172.08	287.38
155	916.85	615.72	535.74	299.64	0.00	-nan	inf	5643.03	845.70	692.97	129814.67	293.47
156	902.66	608.58	525.28	337.86	0.00	-nan	inf	5578.61	802.52	660.42	123777.71	284.72
157	1014.25	696.00	633.01	309.74	0.00	-nan	inf	5716.10	1074.17	817.35	359068.12	341.42
158	955.15	626.03	560.85	413.47	0.00	-nan	inf	5440.20	909.26	721.04	239472.07	306.75
159	1292.19	848.50	828.47	326.74	0.00	-nan	inf	6172.32	1080.02	1683.72	213400.15	513.96
160	1176.28	675.64	667.53	321.81	0.00	-nan	inf	6594.20	864.29	737.75	157029.86	338.91
161	902.38	607.81	525.35	315.38	0.00	-nan	inf	5311.65	871.31	708.25	158487.24	292.24
162	887.86	603.16	529.50	320.02	0.00	-nan	inf	5845.75	763.42	622.98	69695.75	277.42
163	946.71	617.94	526.85	282.62	0.00	-nan	inf	5030.36	867.91	790.18	127284.23	305.73
164	1136.17	698.80	638.39	478.21	0.00	-nan	inf	5744.54	843.13	928.22	97068.98	365.55
165	895.91	604.53	524.89	300.16	0.00	-nan	inf	5749.13	818.58	663.02	103484.92	285.12
166	969.69	629.01	561.91	346.61	0.00	-nan	inf	5797.53	869.29	734.55	117801.11	307.91
167	913.29	611.28	528.04	402.41	0.00	-nan	inf	5466.23	828.10	694.20	145442.58	289.90
168	959.72	616.69	559.58	328.05	0.00	-nan	inf	5802.67	811.97	690.15	145004.56	299.26
169	894.27	604.57	523.62	378.21	0.00	-nan	inf	5684.97	790.38	664.62	105399.98	283.91
170	930.46	618.62	540.59	380.84	0.00	-nan	inf	5722.19	831.57	687.81	93894.67	293.38
171	876.40	590.63	490.82	436.88	0.00	-nan	inf	5145.48	767.13	632.36	148464.17	269.01
172	919.66	618.01	548.72	327.82	0.00	-nan	inf	5488.88	836.61	704.47	110979.03	300.52
173	934.23	621.76	549.85	350.48	0.00	-nan	inf	5699.03	842.50	696.56	108193.02	297.40
174	997.61	658.82	634.05	316.90	0.00	-nan	inf	6580.37	1008.61	707.38	111168.83	323.88
175	907.70	609.25	532.88	307.98	0.00	-nan	inf	5276.54	800.26	678.29	104453.61	290.42
176	882.77	605.72	521.97	361.67	0.00	-nan	inf	5572.44	812.66	678.50	152201.41	286.20
177	849.85	578.94	495.83	307.79	0.00	-nan	inf	5220.85	833.70	620.99	154686.63	268.39
178	941.40	640.77	586.55	325.20	0.00	-nan	inf	5990.83	945.21	705.64	127372.96	310.69
179	958.24	637.77	606.40	288.19	0.00	-nan	inf	6116.30	920.43	684.82	73420.31	310.19
180	931.46	627.00	573.69	276.32	0.00	-nan	inf	5925.22	887.26	686.00	99310.53	303.29
181	873.57	600.48	501.27	324.59	0.00	-nan	inf	5256.25	766.90	658.71	103263.96	277.25
182	922.73	630.62	533.09	320.73	0.00	-nan	inf	5406.32	830.24	710.59	109711.43	295.72
183	948.83	664.46	586.10	339.02	0.00	-nan	inf	5679.66	828.13	700.69	148395.72	309.65
184	907.58	607.38	523.95	446.89	0.00	-nan	inf	5399.21	799.72	692.77	157198.16	290.40
185	913.90	618.35	526.11	328.78	0.00	-nan	inf	5406.69	828.26	706.29	117988.52	291.40
186	1128.78	713.65	629.85	290.04	0.00	-nan	inf	5121.33	990.27	1055.42	179824.23	380.30
187	870.14	595.13	507.65	365.55	0.00	-nan	inf	5298.98	835.37	696.92	149628.58	275.84
188	913.75	608.47	529.00	275.82	0.00	-nan	inf	5574.75	847.53	676.71	138329.11	288.65
189	971.16	644.11	595.33	265.57	0.00	-nan	inf	6550.74	909.04	700.64	166704.59	311.44
190	903.57	616.25	522.25	331.54	0.00	-nan	inf	5366.65	810.26	712.66	130067.68	292.42
191	897.21	599.72	514.25	310.15	0.00	-nan	inf	5289.19	816.67	695.30	130349.68	287.45
192	886.84	590.24	513.10	305.06	0.00	-nan	inf	5255.84	781.87	643.73	129967.15	277.09
193	950.06	718.52	637.07	243.05	0.00	-nan	inf	6363.42	850.73	718.24	131787.57	328.99
194	904.20	619.28	558.41	347.81	0.00	-nan	inf	6194.12	846.13	677.03	106254.89	295.43
195	955.17	622.60	541.31	352.36	0.00	-nan	inf	5269.30	813.94	735.84	165961.77	302.85
196	872.06	586.69	493.97	310.67	0.00	-nan	inf	5272.89	793.50	648.31	123956.44	273.31
197	948.76	617.55	551.68	316.68	0.00	-nan	inf	5829.23	924.42	692.24	149988.53	298.58
198	930.64	626.20	529.24	356.51	0.00	-nan	inf	5487.29	808.49	734.85	122105.37	298.04
199	1028.49	665.65	556.67	336.16	0.00	-nan	inf	5098.30	782.50	858.16	88165.40	326.17
200	876.73	610.94	510.16	369.78	0.00	-nan	inf	5363.83	939.11	731.22	270649.69	290.32
