1	528385	528385	0	0	0	0	0
2	529483	22978	506505	0	0	16471	0
3	530607	34524	491482	4601	0	25790	0
4	530568	23324	495102	12142	0	19232	0
5	532767	42683	465586	24498	0	29341	0
6	532752	23814	472473	36465	0	19279	0
7	532758	23251	472681	36826	0	19359	0
8	532727	22700	473069	36958	0	19477	0
9	532741	22623	473112	37006	0	19651	0
10	532733	22491	473171	37071	0	19537	0
11	532742	16939	460893	54910	0	15296	0
12	532727	16780	448816	67131	0	15063	0
13	532731	16789	437537	78405	0	15128	0
14	532731	16801	426828	89102	0	15153	0
15	532721	16889	416362	99470	0	15209	0
16	532731	22559	413737	96435	0	19664	0
17	532766	22165	412701	97900	0	19566	0
18	532727	22086	411526	99115	0	19610	0
19	532729	19409	404929	108391	0	17267	0
20	532731	19386	398550	114795	0	17257	0
21	532708	19105	392744	120859	0	17150	0
22	532746	19180	387036	126530	0	17265	0
23	532723	20466	382376	129881	0	18295	0
24	532754	20461	378312	133981	0	18351	0
25	532744	20590	374300	137854	0	18452	0
26	532730	20270	370691	141769	0	18240	0
27	532734	20447	366983	145304	0	18229	0
28	532767	18673	360347	153747	0	16748	0
29	532778	18654	354133	159991	0	16669	0
30	532793	18715	348377	165701	0	16802	0
31	532816	18837	342630	171349	0	16884	0
32	532796	18529	337225	177042	0	16665	0
33	532794	18212	330157	184425	0	16287	0
34	532798	18092	324010	190696	0	16181	0
35	532782	18085	318197	196500	0	16214	0
36	532766	18046	312485	202235	0	16070	0
37	532792	18100	307079	207613	0	16196	0
38	532767	22381	305672	204714	0	19874	0
39	532770	22105	304921	205744	0	19642	0
40	532807	21929	304230	206648	0	19568	0
41	532798	16831	298400	217567	0	15006	0
42	532826	16777	292443	223606	0	14888	0
43	532814	16667	286766	229381	0	14850	0
44	532811	16593	281210	235008	0	14817	0
45	532802	31646	268891	232265	0	28008	0
46	532834	23056	269734	240044	0	20306	0
47	532800	22458	269930	240412	0	19938	0
48	532795	22355	269885	240555	0	19936	0
49	532809	22432	269838	240539	0	20050	0
50	532817	22249	269949	240619	0	19898	0
51	532812	37460	263591	231761	0	33796	0
52	532823	16540	260635	255648	0	14732	0
53	532817	16635	255985	260197	0	14806	0
54	532813	16715	251560	264538	0	14940	0
55	532846	16590	247236	269020	0	14697	0
56	532859	16612	242963	273284	0	14707	0
57	532898	16560	239054	277284	0	14707	0
58	532916	16552	235162	281202	0	14725	0
59	532892	16784	231034	285074	0	14982	0
60	532880	16506	227268	289106	0	14690	0
61	532872	16561	223646	292665	0	14697	0
62	532879	16698	220171	296010	0	14752	0
63	532887	16522	216850	299515	0	14657	0
64	532870	16500	213666	302704	0	14683	0
65	532871	8640	212927	311304	0	7649	0
66	532873	8593	211442	312838	0	7633	0
67	532879	8593	209908	314378	0	7638	0
68	532873	8704	208280	315889	0	7767	0
69	532869	12586	205566	314717	0	11267	0
70	532873	15630	203595	313648	0	13744	0
71	532853	15328	202230	315295	0	13516	0
72	532858	15184	200920	316754	0	13494	0
73	532841	15165	199552	318124	0	13479	0
74	532864	17036	197754	318074	0	15021	0
75	532879	18478	196002	318399	0	16275	0
76	532897	18048	194560	320289	0	16058	0
77	532874	18746	192686	321442	0	16685	0
78	532881	10253	192789	329839	0	9111	0
79	532882	10210	191998	330674	0	9141	0
80	532858	10147	191247	331464	0	9063	0
81	532850	10095	190474	332281	0	9018	0
82	532847	10151	189707	332989	0	9073	0
83	532856	10085	189010	333761	0	9081	0
84	532845	11346	187827	333672	0	10116	0
85	532827	15787	185583	331457	0	13983	0
86	532839	15020	184752	333067	0	13440	0
87	532842	14974	183610	334258	0	13445	0
88	532842	14997	182623	335222	0	13514	0
89	532846	14940	181643	336263	0	13415	0
90	532873	14904	180621	337348	0	13362	0
91	532902	20947	178081	333874	0	18624	0
92	532889	10083	178736	344070	0	9091	0
93	532894	10090	178093	344711	0	9094	0
94	532895	10038	177488	345369	0	9080	0
95	532880	10171	176836	345873	0	9157	0
96	532871	10034	176258	346579	0	9084	0
97	532885	20149	173534	339202	0	17828	0
98	532909	19979	172401	340529	0	17777	0
99	532850	23194	171901	337755	0	20305	0
100	532832	22479	171996	338357	0	19972	0
101	532847	16672	170364	345811	0	14554	0
102	532895	31907	164727	336261	0	27767	0
103	532868	8521	166883	357464	0	7588	0
104	532847	16466	163961	352420	0	14637	0
105	532846	8626	163882	360338	0	7637	0
106	532844	16621	161009	355214	0	14601	0
107	532835	8514	161143	363178	0	7585	0
108	532836	8678	160237	363921	0	7605	0
109	532843	8734	159325	364784	0	7668	0
110	532849	8665	158584	365600	0	7638	0
111	532813	11612	158345	362856	0	10344	0
112	532839	17132	157640	358067	0	15225	0
113	532854	13560	158119	361175	0	12211	0
114	532878	16010	156940	359928	0	14238	0
115	532895	9188	157241	366466	0	8161	0
116	532900	7196	157065	368639	0	6342	0
117	532877	14207	154881	363789	0	12429	0
118	532905	16629	153092	363184	0	14546	0
119	532901	5293	154329	373279	0	4663	0
120	532895	10157	153390	369348	0	9041	0
121	532894	10411	153034	369449	0	9321	0
122	532902	11447	152472	368983	0	10239	0
123	532882	19571	150097	363214	0	17309	0
124	532858	12609	149457	370792	0	10869	0
125	532859	5622	149921	377316	0	4823	0
126	532837	14200	147645	370992	0	12217	0
127	532822	11701	147098	374023	0	10034	0
128	532852	12576	146421	373855	0	10889	0
129	532858	13757	145942	373159	0	12132	0
130	532901	17690	144835	370376	0	15508	0
131	532902	10383	144792	377727	0	8947	0
132	532872	11361	144285	377226	0	9954	0
133	532869	11060	143748	378061	0	9583	0
134	532879	12208	143289	377382	0	10872	0
135	532830	17548	142404	372878	0	15557	0
136	532862	13280	142021	377561	0	11591	0
137	532866	14869	141737	376260	0	13209	0
138	532873	14385	141386	377102	0	12792	0
139	532880	9521	141127	382232	0	8216	0
140	532876	16400	139711	376765	0	14435	0
141	532887	7059	140572	385256	0	6218	0
142	532880	11239	139225	382416	0	9745	0
143	532890	12893	139143	380854	0	11535	0
144	532879	12211	139150	381518	0	11089	0
145	532911	27378	135001	370532	0	23620	0
146	532895	13921	136158	382816	0	12065	0
147	532878	12889	135650	384339	0	11178	0
148	532857	14027	135293	383537	0	12420	0
149	532842	13656	134751	384435	0	11955	0
150	532846	9901	134958	387987	0	8772	0
151	532846	11781	134347	386718	0	10391	0
152	532858	11354	133478	388026	0	9732	0
153	532860	12503	133135	387222	0	10974	0
154	532856	14486	132357	386013	0	12656	0
155	532869	12417	132272	388180	0	10952	0
156	532872	15335	131477	386060	0	13413	0
157	532878	5800	132512	394566	0	5100	0
158	532871	7323	132473	393075	0	6605	0
159	532902	8402	131814	392686	0	7278	0
160	532897	9637	131489	391771	0	8408	0
161	532886	10317	131457	391112	0	9256	0
162	532847	24439	128894	379514	0	21456	0
163	532856	12761	129655	390440	0	10896	0
164	532860	15171	128844	388845	0	13069	0
165	532895	15093	128385	389417	0	13030	0
166	532852	11796	128380	392676	0	10153	0
167	532907	13868	128084	390955	0	12222	0
168	532908	11871	128104	392933	0	10477	0
169	532906	16797	126646	389463	0	14457	0
170	532870	18912	126431	387527	0	16564	0
171	532874	14538	126911	391425	0	12937	0
172	532844	13866	126871	392107	0	12369	0
173	532815	14167	126374	392274	0	12514	0
174	532862	16145	126212	390505	0	14429	0
175	532859	13103	126611	393145	0	11875	0
176	532843	11588	126526	394729	0	10429	0
177	532843	9830	125912	397101	0	8426	0
178	532840	11350	125521	395969	0	9917	0
179	532882	20371	124535	387976	0	18030	0
180	532865	15243	124664	392958	0	13340	0
181	532835	14732	124257	393846	0	12906	0
182	532873	12307	124101	396465	0	10600	0
183	532876	10371	124200	398305	0	8964	0
184	532863	10795	124448	397620	0	9714	0
185	532869	10408	123885	398576	0	9107	0
186	532831	7726	123935	401170	0	6756	0
187	532831	11116	123077	398638	0	9577	0
188	532830	11534	122598	398698	0	9824	0
189	532823	12365	122509	397949	0	10756	0
190	532823	11082	122735	399006	0	9787	0
191	532840	11485	122641	398714	0	10234	0
192	532843	12358	122378	398107	0	11011	0
193	532827	10019	121984	400824	0	8443	0
194	532821	14187	121005	397629	0	12060	0
195	532783	11937	121078	399768	0	10281	0
196	532778	12506	121541	398731	0	11229	0
197	532791	9498	121135	402158	0	8129	0
198	532804	13677	120244	398883	0	11744	0
199	532824	15951	120183	396690	0	14174	0
200	532841	5420	121372	406049	0	4829	0
