1	5753709896	5753709896	0	0	0	0
2	5765257580	80725521	5502270229	0	182261830	0
3	5776724843	113812018	5378545001	0	284367824	0
4	5776724843	62002389	5503321863	0	211400591	0
5	5799739691	167602477	5310259800	0	321877414	0
6	5799739691	67997196	5519588491	0	212154004	0
7	5799739691	60964238	5525527724	0	213247729	0
8	5799739691	53924185	5531296555	0	214518951	0
9	5799739691	51398758	5532329206	0	216011727	0
10	5799739691	51276022	5533548555	0	214915114	0
11	5799770906	22768179	5600240077	0	176762650	0
12	5799796909	23466228	5601841834	0	174488847	0
13	5799829293	23057699	5602117568	0	174654026	0
14	5799858617	23194073	5602000805	0	174663739	0
15	5799887248	23747645	5601256005	0	174883598	0
16	5799891145	49873541	5533463938	0	216553666	0
17	5799894061	46653635	5537805291	0	215435135	0
18	5799896763	45830556	5538393384	0	215672823	0
19	5799917705	34690232	5571395014	0	193832459	0
20	5799940046	34493771	5571674912	0	193771363	0
21	5799958793	33033455	5574100729	0	192824609	0
22	5799974747	32528305	5573283677	0	194162765	0
23	5799988321	38429034	5558062103	0	203497184	0
24	5800001843	37843086	5558403506	0	203755251	0
25	5800012206	38167964	5557185709	0	204658533	0
26	5800026001	37086218	5560423633	0	202516150	0
27	5800040864	39400488	5558476479	0	202163897	0
28	5800064258	31282446	5580679667	0	188102145	0
29	5800086932	32224512	5580581454	0	187280966	0
30	5800108250	31576418	5579835726	0	188696106	0
31	5800127931	31803331	5578370115	0	189954485	0
32	5800148109	31145415	5581426520	0	187576174	0
33	5800174615	30253066	5585743983	0	184177566	0
34	5800199865	30284476	5587074413	0	182840976	0
35	5800225494	30028686	5586919900	0	183276908	0
36	5800247695	31387347	5587728156	0	181132192	0
37	5800268273	30288495	5587574258	0	182405520	0
38	5800272594	47901485	5535322384	0	217048725	0
39	5800274515	47376065	5538887336	0	214011114	0
40	5800277429	45957412	5540827031	0	213492986	0
41	5800308316	26844051	5602659379	0	170804886	0
42	5800336299	27255909	5603268464	0	169811926	0
43	5800362163	27164987	5603973787	0	169223389	0
44	5800386912	26245691	5604937034	0	169204187	0
45	5800443511	53255596	5429166741	0	318021174	0
46	5800443511	52818659	5527893745	0	219731107	0
47	5800443511	49650913	5534652143	0	216140455	0
48	5800443511	48547469	5535578028	0	216318014	0
49	5800443511	48638898	5534819522	0	216985091	0
50	5800443511	47552462	5537369943	0	215521106	0
51	5800471500	68576206	5358240913	0	373654381	0
52	5800500014	27157861	5605876119	0	167466034	0
53	5800524576	27692102	5604047141	0	168785333	0
54	5800550986	27451451	5603284368	0	169815167	0
55	5800577146	28251159	5605326201	0	166999786	0
56	5800603374	28793841	5605198988	0	166610545	0
57	5800630551	28087556	5606372341	0	166170654	0
58	5800655123	27823599	5605531015	0	167300509	0
59	5800681248	27830717	5603191886	0	169658645	0
60	5800708032	28176800	5606560704	0	165970528	0
61	5800730536	28852650	5605483546	0	166394340	0
62	5800756932	29828710	5603983110	0	166945112	0
63	5800781506	28717436	5606413360	0	165650710	0
64	5800808001	28771777	5605674314	0	166361910	0
65	5800820622	15346717	5698976022	0	86497883	0
66	5800832916	14909713	5699982660	0	85940543	0
67	5800844732	14904205	5699381004	0	86559523	0
68	5800857620	14760312	5698340246	0	87757062	0
69	5800875284	21067489	5652938917	0	126868878	0
70	5800889844	33346550	5616676411	0	150866883	0
71	5800901686	32122590	5620259612	0	148519484	0
72	5800911978	30394105	5622095295	0	148422578	0
73	5800922708	30700409	5622650632	0	147571667	0
74	5800936332	35513519	5600294378	0	165128435	0
75	5800956029	38342521	5583601685	0	179011823	0
76	5800969523	35934688	5588158129	0	176876706	0
77	5800984631	37459393	5580048888	0	183476350	0
78	5800994359	21010285	5680253652	0	99730422	0
79	5801004032	20312598	5680237698	0	100453736	0
80	5801012033	20419206	5680781210	0	99811617	0
81	5801020223	20132268	5682110816	0	98777139	0
82	5801030163	20271031	5681236705	0	99522427	0
83	5801037105	19480219	5682093854	0	99463032	0
84	5801045825	22778622	5667378271	0	110888932	0
85	5801064015	31765080	5614690142	0	154608793	0
86	5801075049	29739552	5623726520	0	147608977	0
87	5801085646	29178761	5624706648	0	147200237	0
88	5801099885	28865677	5623881879	0	148352329	0
89	5801111097	29226158	5624733596	0	147151343	0
90	5801123050	29257142	5625443232	0	146422676	0
91	5801143102	41256842	5553570535	0	206315725	0
92	5801150077	19578180	5682098165	0	99473732	0
93	5801156960	19678397	5681649054	0	99829509	0
94	5801165530	19131275	5682656707	0	99377548	0
95	5801173014	19957684	5680946255	0	100269075	0
96	5801180711	19128602	5682617539	0	99434570	0
97	5801196173	42478873	5563599116	0	195118184	0
98	5801213277	41166373	5565252952	0	194793952	0
99	5801213277	55960993	5526916252	0	218336032	0
100	5801213277	52106318	5534852606	0	214254353	0
101	5801242235	32555445	5605284104	0	163402686	0
102	5801292327	62653609	5427041877	0	311596841	0
103	5801305713	15336354	5701069513	0	84899846	0
104	5801329857	29641330	5607377772	0	164310755	0
105	5801343264	16153763	5699864569	0	85324932	0
106	5801367115	31855563	5605165347	0	164346205	0
107	5801382201	15586592	5701159977	0	84635632	0
108	5801395312	17377316	5698688884	0	85329112	0
109	5801407964	17023815	5698924023	0	85460126	0
110	5801419018	16835480	5699011238	0	85572300	0
111	5801419018	26967914	5664161789	0	110289315	0
112	5801419018	40139716	5598465529	0	162813773	0
113	5801419018	29952725	5641150144	0	130316149	0
114	5801429671	33199839	5613014520	0	155215312	0
115	5801438512	19346360	5692952969	0	89139183	0
116	5801444507	15268596	5716859824	0	69316087	0
117	5801467782	28124200	5634493753	0	138849829	0
118	5801492364	32575320	5606772911	0	162144133	0
119	5801494927	11417316	5738902034	0	51175577	0
120	5801502011	21408304	5681387636	0	98706071	0
121	5801507930	21784212	5678698302	0	101025416	0
122	5801515681	24037827	5666732846	0	110745008	0
123	5801540044	40443952	5571009156	0	190086936	0
124	5801558456	26594251	5652716877	0	122247328	0
125	5801569242	12116093	5735428159	0	54024990	0
126	5801593108	30894910	5634402078	0	136296120	0
127	5801614103	25865589	5663229536	0	112518978	0
128	5801627343	28158467	5652960651	0	120508225	0
129	5801639561	30121287	5639440294	0	132077980	0
130	5801651077	39565534	5593364153	0	168721390	0
131	5801669052	22069951	5679779526	0	99819575	0
132	5801684205	24809448	5667317179	0	109557578	0
133	5801699956	24842989	5670967788	0	105889179	0
134	5801710278	25385423	5657992824	0	118332031	0
135	5801713905	41374112	5593939348	0	166400445	0
136	5801731600	28817625	5645594975	0	127319000	0
137	5801738789	33153019	5626024266	0	142561504	0
138	5801750250	31130516	5631979055	0	138640679	0
139	5801763538	21055392	5689757051	0	90951095	0
140	5801781432	35617432	5608013570	0	158150430	0
141	5801788051	15338594	5718499173	0	67950284	0
142	5801805306	24412499	5669593158	0	107799649	0
143	5801811470	27830638	5649988722	0	123992110	0
144	5801813531	26044346	5657422861	0	118346324	0
145	5801853813	59869614	5480727183	0	261257016	0
146	5801874500	30655440	5637105668	0	134113392	0
147	5801893373	28360427	5649651031	0	123881915	0
148	5801906521	30580667	5635905965	0	135419889	0
149	5801920196	30525002	5640620802	0	130774392	0
150	5801927761	21229306	5684938401	0	95760054	0
151	5801939927	25479632	5663125252	0	113335043	0
152	5801959010	25288261	5668404862	0	108265887	0
153	5801975169	27704696	5654077461	0	120193012	0
154	5801990497	32696566	5630882766	0	138411165	0
155	5802002318	26944133	5655902662	0	119155523	0
156	5802017506	34431332	5621253419	0	146332755	0
157	5802022427	12639619	5733610974	0	55771834	0
158	5802024481	15932832	5715628672	0	70462977	0
159	5802035829	18733319	5703144238	0	80158272	0
160	5802044689	21995026	5688135659	0	91914004	0
161	5802049063	22805786	5680444850	0	98798427	0
162	5802069937	56227024	5513460285	0	232382628	0
163	5802085829	29949095	5651356524	0	120780210	0
164	5802106933	34458304	5623705995	0	143942634	0
165	5802126378	33810010	5624301598	0	144014770	0
166	5802142141	27145397	5662873985	0	112122759	0
167	5802151582	31352839	5638645247	0	132153496	0
168	5802163148	26547206	5662138205	0	113477737	0
169	5802183880	38118668	5604425693	0	159639519	0
170	5802191415	45302773	5579193736	0	177694906	0
171	5802198965	33154005	5630877226	0	138167734	0
172	5802205665	31442001	5638194272	0	132569392	0
173	5802215509	31767549	5634890730	0	135557230	0
174	5802220456	36903116	5611421624	0	153895716	0
175	5802221778	29045748	5647648570	0	125527460	0
176	5802226503	25207382	5665312918	0	111706203	0
177	5802243083	22163016	5686104628	0	93975439	0
178	5802257120	25335192	5667785913	0	109136015	0
179	5802262256	48099849	5561690762	0	192471645	0
180	5802277854	34383476	5622355690	0	145538688	0
181	5802297814	32513271	5628072222	0	141712321	0
182	5802311600	28714108	5657091491	0	116506001	0
183	5802324798	24047736	5679883581	0	98393481	0
184	5802329309	23767232	5674615359	0	103946718	0
185	5802341013	23121521	5679654443	0	99565049	0
186	5802348882	17527757	5710973718	0	73847407	0
187	5802362734	25018493	5671259379	0	106084862	0
188	5802378615	26924697	5666554710	0	108899208	0
189	5802391885	27991755	5656146991	0	118253139	0
190	5802399290	25140106	5671226611	0	106032573	0
191	5802404993	25624812	5667034112	0	109746069	0
192	5802412245	27619077	5656261881	0	118531287	0
193	5802429826	24691756	5683830458	0	93907612	0
194	5802450721	33036990	5635423345	0	133990386	0
195	5802466423	27643887	5661431490	0	113391046	0
196	5802466423	29319887	5654439144	0	118707392	0
197	5802480671	21794765	5690758122	0	89927784	0
198	5802498096	31796680	5641287806	0	129413610	0
199	5802506589	36752648	5613905969	0	151847972	0
200	5802508645	12437466	5738366574	0	51704605	0
