1	0.000	0	-nan	0.000	0	-nan	0	0
2	1.114	1384	77.63	0.000	0	inf	1384	0
3	1.253	1404	70.01	0.000	0	inf	1404	0
4	2.250	1432	39.77	0.000	0	inf	1432	0
5	1.541	1447	58.68	0.000	0	inf	1447	0
6	1.025	1488	90.76	0.000	0	inf	1488	0
7	1.994	1505	47.16	0.000	0	inf	1505	0
8	1.939	1519	48.96	0.000	0	inf	1519	0
9	1.353	1533	70.84	0.000	0	inf	1533	0
10	0.677	1546	142.64	0.000	0	inf	1546	0
11	1.552	1559	62.79	0.000	0	inf	1559	0
12	1.183	1565	82.70	0.000	0	inf	1565	0
13	1.358	1571	72.29	0.000	0	inf	1571	0
14	1.919	1577	51.37	0.000	0	inf	1577	0
15	1.386	1583	71.38	0.000	0	inf	1583	0
16	1.048	1590	94.81	0.000	0	inf	1590	0
17	2.284	1601	43.82	0.000	0	inf	1601	0
18	1.890	1614	53.36	0.000	0	inf	1614	0
19	1.767	1626	57.53	0.000	0	inf	1626	0
20	2.043	1635	50.03	0.000	0	inf	1635	0
21	2.147	1644	47.87	0.000	0	inf	1644	0
22	1.893	1653	54.57	0.000	0	inf	1653	0
23	0.962	1662	107.99	0.000	0	inf	1662	0
24	2.428	1670	42.99	0.000	0	inf	1670	0
25	1.804	1681	58.24	0.000	0	inf	1681	0
26	1.029	1690	102.63	0.000	0	inf	1690	0
27	1.990	1701	53.42	0.000	0	inf	1701	0
28	2.392	1710	44.69	0.000	0	inf	1710	0
29	2.127	1719	50.51	0.000	0	inf	1719	0
30	1.095	1727	98.62	0.000	0	inf	1727	0
31	2.368	1736	45.82	0.000	0	inf	1736	0
32	2.138	1744	50.98	0.000	0	inf	1744	0
33	1.036	1751	105.66	0.000	0	inf	1751	0
34	2.257	1758	48.69	0.000	0	inf	1758	0
35	2.306	1767	47.89	0.000	0	inf	1767	0
36	2.133	1775	52.00	0.000	0	inf	1775	0
37	1.346	1783	82.82	0.000	0	inf	1783	0
38	1.642	1791	68.18	0.000	0	inf	1791	0
39	2.275	1803	49.53	0.000	0	inf	1803	0
40	1.801	1815	62.98	0.000	0	inf	1815	0
41	1.982	1827	57.60	0.000	0	inf	1827	0
42	2.233	1834	51.33	0.000	0	inf	1834	0
43	1.704	1841	67.53	0.000	0	inf	1841	0
44	1.622	1848	71.19	0.000	0	inf	1848	0
45	2.620	1855	44.25	0.000	0	inf	1855	0
46	3.111	1868	37.52	0.000	0	inf	1868	0
47	1.272	1882	92.48	0.000	0	inf	1882	0
48	1.830	1895	64.71	0.000	0	inf	1895	0
49	2.334	1905	51.01	0.000	0	inf	1905	0
50	2.793	1917	42.90	0.000	0	inf	1917	0
51	2.946	1928	40.90	0.000	0	inf	1928	0
52	1.230	1946	98.89	0.000	0	inf	1946	0
53	2.530	1952	48.22	0.000	0	inf	1952	0
54	2.137	1959	57.30	0.000	0	inf	1959	0
55	3.358	1965	36.58	0.000	0	inf	1965	0
56	1.332	1973	92.56	0.000	0	inf	1973	0
57	2.468	1980	50.14	0.000	0	inf	1980	0
58	3.507	1988	35.43	0.000	0	inf	1988	0
59	2.751	1995	45.32	0.000	0	inf	1995	0
60	2.751	2001	45.46	0.000	0	inf	2001	0
61	1.829	2009	68.66	0.000	0	inf	2009	0
62	2.813	2017	44.81	0.000	0	inf	2017	0
63	2.970	2025	42.61	0.000	0	inf	2025	0
64	2.273	2033	55.89	0.000	0	inf	2033	0
65	2.320	2041	54.98	0.000	0	inf	2041	0
66	1.445	2045	88.44	0.000	0	inf	2045	0
67	2.461	2048	52.01	0.000	0	inf	2048	0
68	3.835	2052	33.44	0.000	0	inf	2052	0
69	1.598	2056	80.42	0.000	0	inf	2056	0
70	2.378	2064	54.25	0.000	0	inf	2064	0
71	2.516	2074	51.52	0.000	0	inf	2074	0
72	2.598	2079	50.01	0.000	0	inf	2079	0
73	2.735	2088	47.71	0.000	0	inf	2088	0
74	1.495	2093	87.52	0.000	0	inf	2093	0
75	3.067	2106	42.92	0.000	0	inf	2106	0
76	2.692	2111	49.02	0.000	0	inf	2111	0
77	3.018	2123	43.96	0.000	0	inf	2123	0
78	2.016	2134	66.16	0.000	0	inf	2134	0
79	2.655	2139	50.36	0.000	0	inf	2139	0
80	2.565	2147	52.31	0.000	0	inf	2147	0
81	2.502	2149	53.68	0.000	0	inf	2149	0
82	3.533	2153	38.09	0.000	0	inf	2153	0
83	0.900	2162	150.10	0.000	0	inf	2162	0
84	0.863	2167	157.02	0.000	0	inf	2167	0
85	0.812	2172	167.13	0.000	0	inf	2172	0
86	0.884	2182	154.32	0.000	0	inf	2182	0
87	0.849	2188	161.02	0.000	0	inf	2188	0
88	0.868	2198	158.35	0.000	0	inf	2198	0
89	0.802	2205	171.89	0.000	0	inf	2205	0
90	0.851	2211	162.29	0.000	0	inf	2211	0
91	0.748	2221	185.49	0.000	0	inf	2221	0
92	0.976	2233	143.06	0.000	0	inf	2233	0
93	0.964	2236	144.96	0.000	0	inf	2236	0
94	0.923	2241	151.77	0.000	0	inf	2241	0
95	0.928	2245	151.24	0.000	0	inf	2245	0
96	0.913	2249	153.93	0.000	0	inf	2249	0
97	0.827	2257	170.54	0.000	0	inf	2257	0
98	0.475	2262	297.54	0.000	0	inf	2262	0
99	0.720	2275	197.43	0.000	0	inf	2275	0
100	0.837	2292	171.10	0.000	0	inf	2292	0
101	0.860	2304	167.52	0.000	0	inf	2304	0
102	0.858	2313	168.46	0.000	0	inf	2313	0
103	1.005	2329	144.90	0.000	0	inf	2329	0
104	0.857	2334	170.14	0.000	0	inf	2334	0
105	0.972	2342	150.64	0.000	0	inf	2342	0
106	0.693	2346	211.45	0.000	0	inf	2346	0
107	0.857	2354	171.62	0.000	0	inf	2354	0
108	0.779	2358	189.14	0.000	0	inf	2358	0
109	0.794	2363	186.00	0.000	0	inf	2363	0
110	1.010	2367	146.51	0.000	0	inf	2367	0
111	1.038	2367	142.45	0.000	0	inf	2367	0
112	0.917	2380	162.23	0.000	0	inf	2380	0
113	0.920	2390	162.37	0.000	0	inf	2390	0
114	0.848	2393	176.37	0.000	0	inf	2393	0
115	0.949	2402	158.26	0.000	0	inf	2402	0
116	0.971	2409	155.09	0.000	0	inf	2409	0
117	1.008	2413	149.59	0.000	0	inf	2413	0
118	0.872	2421	173.57	0.000	0	inf	2421	0
119	1.031	2429	147.18	0.000	0	inf	2429	0
120	0.965	2431	157.51	0.000	0	inf	2431	0
121	1.049	2437	145.26	0.000	0	inf	2437	0
122	0.978	2443	156.17	0.000	0	inf	2443	0
123	0.972	2449	157.41	0.000	0	inf	2449	0
124	0.996	2462	154.55	0.000	0	inf	2462	0
125	1.039	2469	148.53	0.000	0	inf	2469	0
126	0.948	2474	163.11	0.000	0	inf	2474	0
127	0.982	2480	157.91	0.000	0	inf	2480	0
128	0.999	2487	155.60	0.000	0	inf	2487	0
129	0.835	2496	186.86	0.000	0	inf	2496	0
130	0.919	2505	170.34	0.000	0	inf	2505	0
131	0.928	2514	169.36	0.000	0	inf	2514	0
132	0.942	2525	167.60	0.000	0	inf	2525	0
133	0.890	2530	177.57	0.000	0	inf	2530	0
134	0.961	2536	164.86	0.000	0	inf	2536	0
135	0.841	2545	189.21	0.000	0	inf	2545	0
136	0.963	2556	165.82	0.000	0	inf	2556	0
137	0.964	2569	166.59	0.000	0	inf	2569	0
138	0.974	2579	165.54	0.000	0	inf	2579	0
139	0.993	2587	162.81	0.000	0	inf	2587	0
140	0.984	2594	164.76	0.000	0	inf	2594	0
141	0.950	2602	171.16	0.000	0	inf	2602	0
142	0.950	2605	171.45	0.000	0	inf	2605	0
143	0.972	2613	168.10	0.000	0	inf	2613	0
144	1.015	2619	161.29	0.000	0	inf	2619	0
145	0.880	2626	186.56	0.000	0	inf	2626	0
146	0.898	2643	184.04	0.000	0	inf	2643	0
147	1.006	2652	164.74	0.000	0	inf	2652	0
148	0.984	2663	169.16	0.000	0	inf	2663	0
149	1.027	2663	162.11	0.000	0	inf	2663	0
150	0.866	2672	192.93	0.000	0	inf	2672	0
151	0.798	2678	209.84	0.000	0	inf	2678	0
152	1.021	2686	164.41	0.000	0	inf	2686	0
153	0.879	2691	191.29	0.000	0	inf	2691	0
154	1.019	2703	165.73	0.000	0	inf	2703	0
155	0.981	2714	172.99	0.000	0	inf	2714	0
156	0.992	2722	171.52	0.000	0	inf	2722	0
157	0.968	2732	176.39	0.000	0	inf	2732	0
158	1.017	2730	167.76	0.000	0	inf	2730	0
159	0.896	2735	190.68	0.000	0	inf	2735	0
160	0.839	2742	204.23	0.000	0	inf	2742	0
161	1.042	2754	165.23	0.000	0	inf	2754	0
162	0.947	2750	181.58	0.000	0	inf	2750	0
163	1.100	2766	157.16	0.000	0	inf	2766	0
164	0.963	2775	180.06	0.000	0	inf	2775	0
165	0.962	2784	180.79	0.000	0	inf	2784	0
166	0.954	2794	182.96	0.000	0	inf	2794	0
167	1.012	2807	173.31	0.000	0	inf	2807	0
168	0.954	2810	184.17	0.000	0	inf	2810	0
169	0.973	2818	180.95	0.000	0	inf	2818	0
170	0.967	2827	182.72	0.000	0	inf	2827	0
171	1.075	2840	165.06	0.000	0	inf	2840	0
172	1.008	2851	176.75	0.000	0	inf	2851	0
173	0.971	2853	183.65	0.000	0	inf	2853	0
174	0.841	2865	212.94	0.000	0	inf	2865	0
175	1.049	2880	171.64	0.000	0	inf	2880	0
176	0.993	2882	181.39	0.000	0	inf	2882	0
177	1.060	2885	170.13	0.000	0	inf	2885	0
178	0.924	2898	196.10	0.000	0	inf	2898	0
179	0.905	2911	201.10	0.000	0	inf	2911	0
180	0.934	2919	195.35	0.000	0	inf	2919	0
181	1.053	2933	174.13	0.000	0	inf	2933	0
182	1.024	2939	179.47	0.000	0	inf	2939	0
183	0.974	2951	189.31	0.000	0	inf	2951	0
184	1.025	2953	180.08	0.000	0	inf	2953	0
185	1.023	2954	180.39	0.000	0	inf	2954	0
186	1.080	2967	171.62	0.000	0	inf	2967	0
187	1.044	2968	177.64	0.000	0	inf	2968	0
188	0.993	2976	187.38	0.000	0	inf	2976	0
189	0.845	2991	221.30	0.000	0	inf	2991	0
190	1.031	2990	181.24	0.000	0	inf	2990	0
191	1.046	3002	179.34	0.000	0	inf	3002	0
192	1.053	3017	179.10	0.000	0	inf	3017	0
193	0.870	3022	217.20	0.000	0	inf	3022	0
194	0.893	3035	212.33	0.000	0	inf	3035	0
195	1.050	3048	181.40	0.000	0	inf	3048	0
196	1.049	3053	181.82	0.000	0	inf	3053	0
197	0.949	3063	201.66	0.000	0	inf	3063	0
198	1.008	3074	190.51	0.000	0	inf	3074	0
199	1.085	3077	177.18	0.000	0	inf	3077	0
200	1.032	3092	187.32	0.000	0	inf	3092	0
